Index	status	M1	M2	D1	D2	PID	PT	ETA	PHI	MASS
0	21	5	-1	3	4	21	0.000	999.900	0.000	0.000
1	43	5	-1	15	15	21	43.870	0.021	-2.703	0.000
2	21	7	-1	3	4	21	0.000	-999.900	0.000	0.000
3	22	0	2	8	8	6	24.006	-2.862	3.098	173.000
4	22	0	2	9	9	-6	24.006	-0.297	-0.043	173.000
5	41	10	-1	0	1	21	0.000	999.900	-0.785	0.000
6	43	10	-1	18	18	21	42.867	1.256	0.234	0.000
7	42	12	-1	2	2	21	0.000	-999.900	-2.678	0.000
8	44	3	-1	13	13	6	14.464	-3.247	2.703	173.000
9	44	4	-1	14	14	-6	54.266	0.002	0.232	173.000
10	41	19	-1	5	6	21	0.000	999.900	-2.678	0.000
11	43	19	-1	35	35	21	27.674	1.532	-0.295	0.000
12	42	21	-1	7	7	21	0.000	-999.900	3.142	0.000
13	44	8	-1	22	22	6	23.111	-2.755	2.975	173.000
14	44	9	-1	23	23	-6	27.882	0.384	0.231	173.000
15	44	1	-1	16	17	21	50.267	-0.087	-2.729	0.000
16	51	15	-1	24	24	21	44.222	-0.260	-2.418	0.000
17	51	15	-1	26	26	21	14.197	1.676	1.228	0.000
18	52	6	-1	25	25	21	24.666	1.256	0.234	0.000
19	41	27	-1	10	11	21	0.000	999.900	-0.062	0.000
20	43	27	-1	45	45	21	21.623	3.044	-2.971	0.000
21	42	28	-1	12	12	21	0.000	-999.900	2.897	0.000
22	44	13	-1	30	30	6	27.381	-2.579	2.955	173.000
23	44	14	-1	31	31	-6	18.922	0.690	0.538	173.000
24	44	16	-1	32	32	21	45.346	-0.274	-2.457	0.000
25	44	18	-1	33	33	21	20.281	1.463	0.365	0.000
26	44	17	-1	34	34	21	14.720	1.651	1.547	0.000
27	41	36	-1	19	20	21	0.000	999.900	0.083	0.000
28	42	37	-1	21	21	21	0.000	-999.900	0.124	0.000
29	43	37	-1	56	56	21	11.204	-1.883	-1.689	0.000
30	44	22	-1	39	39	6	24.937	-2.663	2.918	173.000
31	44	23	-1	40	40	-6	25.536	0.518	0.440	173.000
32	44	24	-1	41	41	21	44.245	-0.247	-2.442	0.000
33	44	25	-1	42	42	21	23.456	1.320	0.339	0.000
34	44	26	-1	43	43	21	15.517	1.601	1.367	0.000
35	44	11	-1	44	44	21	31.957	1.390	-0.229	0.000
36	42	46	-1	27	27	21	0.000	999.900	-1.689	0.000
37	41	47	-1	28	29	21	0.000	-999.900	1.452	0.000
38	43	47	-1	68	68	21	8.449	-2.270	0.376	0.000
39	44	30	-1	49	49	6	26.679	-2.598	2.646	173.000
40	44	31	-1	50	50	-6	27.079	0.488	0.525	173.000
41	44	32	-1	51	51	21	43.553	-0.264	-2.457	0.000
42	44	33	-1	52	52	21	23.503	1.320	0.343	0.000
43	44	34	-1	53	53	21	15.569	1.603	1.368	0.000
44	44	35	-1	54	54	21	31.943	1.388	-0.225	0.000
45	44	20	-1	55	55	21	21.618	3.042	-2.971	0.000
46	42	57	-1	36	36	21	0.000	999.900	0.372	0.000
47	41	59	-1	37	38	21	0.000	-999.900	-2.761	0.000
48	43	59	-1	143	143	21	5.212	-4.303	1.010	0.000
49	44	39	-1	60	60	6	30.064	-2.480	2.771	173.000
50	44	40	-1	61	61	-6	25.249	0.505	0.536	173.000
51	44	41	-1	62	62	21	44.171	-0.251	-2.462	0.000
52	44	42	-1	63	63	21	23.431	1.316	0.343	0.000
53	44	43	-1	64	64	21	15.550	1.601	1.369	0.000
54	44	44	-1	65	65	21	31.868	1.385	-0.226	0.000
55	44	45	-1	66	66	21	21.629	3.042	-2.971	0.000
56	44	29	-1	67	67	21	11.627	-1.847	-1.753	0.000
57	42	131	-1	46	46	21	0.000	999.900	1.008	0.000
58	43	131	-1	179	179	21	2.619	5.744	-0.141	0.000
59	41	133	-1	47	48	21	0.000	-999.900	-2.131	0.000
60	44	49	-1	134	134	6	30.694	-2.460	2.858	173.000
61	44	50	-1	130	130	-6	24.339	0.516	0.517	173.000
62	44	51	-1	127	127	21	44.512	-0.243	-2.459	0.000
63	44	52	-1	107	108	21	23.400	1.315	0.342	0.000
64	44	53	-1	125	126	21	15.531	1.600	1.370	0.000
65	44	54	-1	75	75	21	31.851	1.384	-0.228	0.000
66	44	55	-1	73	74	21	21.634	3.042	-2.971	0.000
67	44	56	-1	141	141	21	12.063	-1.810	-1.767	0.000
68	44	38	-1	142	142	21	8.037	-2.320	0.338	0.000
69	31	234	-1	71	72	21	0.000	999.900	0.000	0.000
70	31	429	-1	71	72	21	0.000	-999.900	0.000	0.000
71	33	69	70	232	233	21	4.336	-6.577	2.586	0.000
72	33	69	70	427	428	21	4.336	-1.635	-0.556	0.000
73	51	66	-1	140	140	21	12.877	2.891	3.017	0.000
74	51	66	-1	144	144	21	9.738	3.131	-2.558	0.000
75	52	65	-1	109	109	21	31.422	1.384	-0.228	0.000
76	31	81	-1	79	80	21	0.000	999.900	0.000	0.000
77	43	81	-1	106	106	21	3.628	2.413	-3.074	0.000
78	31	82	-1	79	80	21	0.000	-999.900	0.000	0.000
79	33	76	78	84	84	21	3.999	-0.016	-2.997	0.000
80	33	76	78	85	85	21	3.999	-3.087	0.145	0.000
81	41	101	-1	76	77	21	0.000	999.900	1.571	0.000
82	42	103	-1	78	78	21	0.000	-999.900	0.000	0.000
83	43	103	-1	116	116	21	3.035	-4.779	-1.624	0.000
84	44	79	-1	104	104	21	0.605	1.910	-2.538	0.000
85	44	80	-1	105	105	21	4.159	-3.088	0.142	0.000
86	31	91	-1	89	90	21	0.000	999.900	0.000	0.000
87	31	92	-1	89	90	21	0.000	-999.900	0.000	0.000
88	43	92	-1	203	203	21	3.345	-3.679	-2.137	0.000
89	33	86	87	94	94	21	3.439	-0.087	-0.808	0.000
90	33	86	87	95	95	21	3.439	-3.587	2.333	0.000
91	42	198	-1	86	86	21	0.000	999.900	-2.134	0.000
92	41	200	-1	87	88	21	0.000	-999.900	1.012	0.000
93	43	200	-1	219	220	21	1.692	-4.981	1.081	0.000
94	44	89	-1	201	201	21	3.417	-0.146	-0.781	0.000
95	44	90	-1	202	202	21	5.266	-3.213	1.692	0.000
96	31	158	-1	99	100	21	0.000	999.900	0.000	0.000
97	43	158	-1	191	191	21	2.168	5.084	1.969	0.000
98	31	159	-1	99	100	21	0.000	-999.900	0.000	0.000
99	33	96	98	161	161	21	3.235	0.476	1.724	0.000
100	33	96	98	162	162	21	3.235	-2.364	-1.417	0.000
101	42	110	-1	81	81	21	0.000	999.900	1.519	0.000
102	43	110	-1	124	124	21	3.011	3.879	-2.834	0.000
103	41	111	-1	82	83	21	0.000	-999.900	-1.620	0.000
104	44	84	-1	113	113	21	0.603	1.905	-2.542	0.000
105	44	85	-1	114	114	21	5.593	-2.795	0.700	0.000
106	44	77	-1	115	115	21	3.627	2.410	-3.077	0.000
107	51	63	-1	137	137	21	17.808	1.306	0.046	0.000
108	51	63	-1	145	145	21	11.555	1.365	0.513	0.000
109	52	75	-1	139	139	21	25.457	1.384	-0.228	0.000
110	41	117	-1	101	102	21	0.000	999.900	-2.976	0.000
111	42	118	-1	103	103	21	0.000	-999.900	0.371	0.000
112	43	118	-1	211	211	21	3.008	-5.254	-3.003	0.000
113	44	104	-1	120	120	21	0.351	2.446	-2.317	0.000
114	44	105	-1	121	121	21	5.614	-2.798	0.699	0.000
115	44	106	-1	122	122	21	1.190	3.525	2.623	0.000
116	44	83	-1	123	123	21	3.034	-4.778	-1.623	0.000
117	42	204	-1	110	110	21	0.000	999.900	0.136	0.000
118	41	205	-1	111	112	21	0.000	-999.900	-2.999	0.000
119	43	205	-1	358	359	2	1.527	-6.397	1.970	0.330
120	44	113	-1	148	149	21	0.351	2.445	-2.317	0.000
121	44	114	-1	150	150	21	6.141	-2.708	0.646	0.000
122	44	115	-1	208	208	21	1.189	3.525	2.623	0.000
123	44	116	-1	209	209	21	3.490	-4.638	-0.884	0.000
124	44	102	-1	210	210	21	3.010	3.879	-2.834	0.000
125	51	64	-1	138	138	21	14.411	1.661	1.280	0.000
126	51	64	-1	146	146	21	2.218	-0.012	2.913	0.000
127	52	62	-1	128	129	21	43.065	-0.243	-2.459	0.000
128	51	127	-1	136	136	-1	6.644	-0.522	-2.201	0.330
129	51	127	-1	147	147	1	36.206	-0.187	-2.506	0.330
130	52	61	-1	135	135	-6	23.869	0.521	0.514	173.000
131	41	163	-1	57	58	21	0.000	999.900	-0.062	0.000
132	43	163	-1	197	197	2	2.152	7.355	-2.205	0.330
133	42	164	-1	59	59	21	0.000	-999.900	2.976	0.000
134	44	60	-1	165	165	6	30.873	-2.454	2.858	173.000
135	44	130	-1	166	166	-6	23.496	0.530	0.526	173.000
136	44	128	-1	167	167	-1	6.648	-0.523	-2.202	0.330
137	44	107	-1	168	168	21	17.646	1.315	0.048	0.000
138	44	125	-1	169	169	21	14.383	1.662	1.293	0.000
139	44	109	-1	170	170	21	25.203	1.394	-0.229	0.000
140	44	73	-1	171	171	21	13.460	2.846	3.016	0.000
141	44	67	-1	172	172	21	12.063	-1.810	-1.768	0.000
142	44	68	-1	173	173	21	8.035	-2.320	0.338	0.000
143	44	48	-1	174	174	21	5.212	-4.303	1.010	0.000
144	44	74	-1	175	175	21	10.164	3.088	-2.594	0.000
145	44	108	-1	176	176	21	11.465	1.373	0.519	0.000
146	44	126	-1	177	177	21	2.223	-0.014	2.913	0.000
147	44	129	-1	178	178	1	36.260	-0.189	-2.507	0.330
148	51	120	-1	206	206	21	2.375	0.024	-1.263	0.000
149	51	120	-1	153	153	21	2.326	-0.350	1.858	0.000
150	52	121	-1	151	152	21	5.769	-2.708	0.646	0.000
151	51	150	-1	207	207	-1	5.277	-2.789	0.789	0.330
152	51	150	-1	213	213	1	0.777	-0.675	0.342	0.330
153	52	149	-1	212	212	21	1.769	-0.350	1.858	0.000
154	31	502	-1	156	157	21	0.000	999.900	0.000	0.000
155	31	512	-1	156	157	-2	0.000	-999.900	0.000	0.000
156	33	154	155	192	193	21	2.275	3.780	0.879	0.000
157	33	154	155	194	194	-2	2.275	1.197	-2.262	0.330
158	41	187	-1	96	97	21	0.000	999.900	1.249	0.000
159	42	188	-1	98	98	21	0.000	-999.900	-1.174	0.000
160	43	188	-1	373	374	21	1.884	-3.383	1.000	0.000
161	44	99	-1	189	189	21	1.344	1.378	1.345	0.000
162	44	100	-1	190	190	21	3.352	-2.376	-1.409	0.000
163	41	263	-1	131	132	2	0.000	999.900	0.464	0.000
164	42	185	-1	133	133	21	0.000	-999.900	-2.498	0.000
165	44	134	-1	265	265	6	30.845	-2.455	2.856	173.000
166	44	135	-1	266	266	-6	23.695	0.525	0.530	173.000
167	44	136	-1	267	267	-1	6.644	-0.522	-2.202	0.330
168	44	137	-1	182	182	21	17.694	1.312	0.051	0.000
169	44	138	-1	180	181	21	14.466	1.657	1.291	0.000
170	44	139	-1	238	239	21	25.250	1.392	-0.224	0.000
171	44	140	-1	195	196	21	13.331	2.856	2.999	0.000
172	44	141	-1	272	272	21	12.061	-1.810	-1.768	0.000
173	44	142	-1	273	273	21	8.036	-2.320	0.338	0.000
174	44	143	-1	274	274	21	5.212	-4.303	1.010	0.000
175	44	144	-1	260	261	21	9.926	3.112	-2.604	0.000
176	44	145	-1	240	240	21	11.513	1.369	0.521	0.000
177	44	146	-1	246	246	21	2.222	-0.014	2.912	0.000
178	44	147	-1	278	278	1	36.227	-0.188	-2.508	0.330
179	44	58	-1	183	184	21	3.178	5.551	0.125	0.000
180	51	169	-1	244	245	21	8.199	1.898	1.259	0.000
181	51	169	-1	281	281	21	6.591	1.313	1.201	0.000
182	52	168	-1	268	268	21	16.790	1.312	0.051	0.000
183	51	179	-1	279	279	1	3.180	5.188	0.775	0.330
184	51	179	-1	282	282	-1	2.031	4.807	-1.122	0.330
185	53	264	-1	164	164	21	0.000	-999.900	-0.005	0.000
186	43	264	-1	418	419	21	1.169	-6.307	-2.656	0.000
187	42	501	-1	158	158	21	0.000	999.900	0.997	0.000
188	41	372	-1	159	160	21	0.000	-999.900	-2.149	0.000
189	44	161	-1	247	248	21	1.327	1.365	1.350	0.000
190	44	162	-1	249	249	21	4.900	-1.996	-1.666	0.000
191	44	97	-1	257	258	21	2.168	5.083	1.970	0.000
192	51	156	-1	254	255	21	2.324	3.383	1.719	0.000
193	51	156	-1	229	230	21	1.760	2.915	-0.506	0.000
194	52	157	-1	231	231	-2	1.876	1.206	-2.262	0.330
195	51	171	-1	262	262	2	3.141	3.553	2.687	0.330
196	51	171	-1	237	237	-2	10.400	2.735	3.094	0.330
197	52	132	-1	235	236	2	2.128	7.355	-2.205	0.330
198	42	222	-1	91	91	21	0.000	999.900	-2.070	0.000
199	43	222	-1	346	347	21	1.415	6.066	-0.407	0.000
200	41	223	-1	92	93	21	0.000	-999.900	1.080	0.000
201	44	94	-1	224	224	21	3.424	-0.151	-0.788	0.000
202	44	95	-1	225	225	21	4.612	-3.353	1.795	0.000
203	44	88	-1	221	221	21	4.182	-3.463	-2.121	0.000
204	42	499	-1	117	117	21	0.000	999.900	1.970	0.000
205	41	509	-1	118	119	2	0.000	-999.900	-1.172	0.000
206	44	148	-1	241	242	21	2.379	0.026	-1.263	0.000
207	44	151	-1	399	399	-1	5.230	-2.797	0.766	0.330
208	44	122	-1	343	344	21	1.189	3.525	2.623	0.000
209	44	123	-1	578	578	21	4.007	-4.500	-0.922	0.000
210	44	124	-1	579	579	21	3.010	3.879	-2.834	0.000
211	44	112	-1	360	360	21	2.907	-5.288	-2.715	0.000
212	44	153	-1	243	243	21	1.766	-0.352	1.858	0.000
213	44	152	-1	582	582	1	0.777	-0.675	0.339	0.330
214	31	250	-1	217	218	21	0.000	999.900	0.000	0.000
215	31	251	-1	217	218	21	0.000	-999.900	0.000	0.000
216	43	251	-1	291	292	1	1.241	-3.099	-1.138	0.330
217	33	214	215	252	252	21	1.446	-1.645	-0.544	0.000
218	33	214	215	253	253	21	1.446	3.927	2.598	0.000
219	51	93	-1	227	227	21	0.981	-5.179	-3.052	0.000
220	51	93	-1	228	228	21	1.678	-4.046	0.600	0.000
221	52	203	-1	226	226	21	3.440	-3.463	-2.121	0.000
222	41	500	-1	198	199	21	0.000	999.900	-0.405	0.000
223	42	510	-1	200	200	21	0.000	-999.900	2.734	0.000
224	44	201	-1	302	302	21	2.284	0.255	-0.998	0.000
225	44	202	-1	300	301	21	4.654	-3.361	1.807	0.000
226	44	221	-1	290	290	21	3.447	-3.464	-2.135	0.000
227	44	219	-1	596	596	21	0.983	-5.180	-3.053	0.000
228	44	220	-1	288	289	21	1.671	-4.041	0.607	0.000
229	51	193	-1	256	256	21	1.945	2.850	-1.169	0.000
230	51	193	-1	462	462	21	0.481	0.834	0.895	0.000
231	52	194	-1	460	461	-2	1.139	1.249	-2.254	0.330
232	51	71	-1	369	369	21	1.815	-7.104	2.788	0.000
233	51	71	-1	319	320	21	2.584	-5.859	2.445	0.000
234	53	321	-1	69	69	21	0.000	999.900	-1.571	0.000
235	51	197	-1	280	280	2	1.725	7.534	-2.779	0.330
236	51	197	-1	284	284	21	1.109	4.534	-1.411	0.000
237	52	196	-1	283	283	-2	10.224	2.735	3.094	0.330
238	51	170	-1	270	270	21	22.158	1.354	-0.180	0.000
239	51	170	-1	285	285	21	3.637	1.619	-0.377	0.000
240	52	176	-1	276	276	21	10.857	1.369	0.521	0.000
241	51	206	-1	297	298	21	2.304	-0.044	-0.978	0.000
242	51	206	-1	299	299	21	0.854	-0.121	2.712	0.000
243	52	212	-1	581	581	21	1.024	-0.352	1.858	0.000
244	51	180	-1	269	269	21	7.902	1.824	1.164	0.000
245	51	180	-1	286	286	21	1.008	1.774	2.512	0.000
246	52	177	-1	277	277	21	2.008	-0.014	2.912	0.000
247	51	189	-1	259	259	21	1.833	0.968	1.700	0.000
248	51	189	-1	412	413	21	1.035	-0.888	-1.077	0.000
249	52	190	-1	370	371	21	4.510	-1.996	-1.666	0.000
250	42	503	-1	214	214	21	0.000	999.900	-1.133	0.000
251	41	513	-1	215	216	1	0.000	-999.900	1.942	0.000
252	44	217	-1	630	630	21	0.810	-2.228	0.480	0.000
253	44	218	-1	293	293	21	1.450	3.926	2.596	0.000
254	51	192	-1	623	623	-2	1.474	2.634	1.818	0.330
255	51	192	-1	627	627	2	0.391	5.014	0.824	0.330
256	52	229	-1	493	494	21	1.313	2.850	-1.169	0.000
257	51	191	-1	315	315	21	2.520	4.410	2.074	0.000
258	51	191	-1	303	304	21	0.402	5.869	-0.414	0.000
259	52	247	-1	305	305	21	1.784	0.968	1.700	0.000
260	51	175	-1	275	275	21	5.311	3.293	-2.822	0.000
261	51	175	-1	287	287	21	5.078	2.972	-2.469	0.000
262	52	195	-1	271	271	2	2.591	3.554	2.691	0.330
263	42	497	-1	163	163	2	0.000	999.900	-2.656	0.000
264	41	408	-1	185	186	21	0.000	-999.900	0.485	0.000
265	44	165	-1	312	312	6	30.549	-2.465	2.846	173.000
266	44	166	-1	351	351	-6	23.852	0.523	0.530	173.000
267	44	167	-1	328	329	-1	6.634	-0.524	-2.202	0.330
268	44	182	-1	296	296	21	16.794	1.312	0.051	0.000
269	44	244	-1	521	521	21	7.903	1.824	1.164	0.000
270	44	238	-1	337	338	21	22.163	1.354	-0.179	0.000
271	44	262	-1	483	483	2	2.591	3.554	2.691	0.330
272	44	172	-1	310	311	21	12.016	-1.814	-1.763	0.000
273	44	173	-1	354	354	21	8.114	-2.311	0.339	0.000
274	44	174	-1	352	353	21	5.538	-4.243	0.976	0.000
275	44	260	-1	339	339	21	5.311	3.293	-2.822	0.000
276	44	240	-1	318	318	21	10.860	1.369	0.521	0.000
277	44	246	-1	330	330	21	2.007	-0.015	2.912	0.000
278	44	178	-1	349	350	1	36.185	-0.189	-2.507	0.330
279	44	183	-1	531	531	1	3.180	5.188	0.775	0.330
280	44	235	-1	387	387	2	1.725	7.534	-2.779	0.330
281	44	181	-1	294	295	21	6.593	1.313	1.201	0.000
282	44	184	-1	420	420	-1	2.031	4.807	-1.122	0.330
283	44	237	-1	357	357	-2	10.223	2.735	3.093	0.330
284	44	236	-1	355	356	21	1.109	4.534	-1.411	0.000
285	44	239	-1	400	401	21	3.638	1.619	-0.376	0.000
286	44	245	-1	381	381	21	1.008	1.774	2.512	0.000
287	44	261	-1	417	417	21	5.078	2.971	-2.469	0.000
288	51	228	-1	448	449	21	0.862	-4.547	-1.395	0.000
289	51	228	-1	450	450	21	1.356	-3.383	0.955	0.000
290	52	226	-1	432	432	21	2.624	-3.464	-2.135	0.000
291	51	216	-1	376	377	1	0.067	-5.832	1.931	0.330
292	51	216	-1	342	342	21	1.303	-1.266	-1.144	0.000
293	52	253	-1	340	341	21	1.444	3.926	2.596	0.000
294	51	281	-1	331	332	21	4.773	1.460	1.316	0.000
295	51	281	-1	333	333	21	2.753	1.060	0.613	0.000
296	52	268	-1	316	317	21	15.721	1.312	0.051	0.000
297	51	241	-1	345	345	21	1.172	-0.539	-2.032	0.000
298	51	241	-1	585	585	21	1.443	0.335	-0.451	0.000
299	52	242	-1	584	584	21	0.294	-0.121	2.712	0.000
300	51	225	-1	430	431	-2	4.888	-3.218	1.943	0.330
301	51	225	-1	322	323	2	0.731	-2.804	-0.118	0.330
302	52	224	-1	324	324	21	2.215	0.255	-0.998	0.000
303	51	258	-1	313	314	21	1.191	4.223	-0.961	0.000
304	51	258	-1	391	392	21	0.953	4.163	1.919	0.000
305	52	259	-1	393	393	21	1.702	0.968	1.700	0.000
306	31	504	-1	308	309	21	0.000	999.900	0.000	0.000
307	31	514	-1	308	309	21	0.000	-999.900	0.000	0.000
308	33	306	307	334	335	21	1.036	-7.784	-0.891	0.000
309	33	306	307	336	336	21	1.036	-4.204	2.251	0.000
310	51	272	-1	524	524	2	7.342	-1.761	-1.888	0.330
311	51	272	-1	454	455	-2	4.734	-1.872	-1.573	0.330
312	52	265	-1	456	456	6	30.519	-2.466	2.849	173.000
313	51	303	-1	614	614	21	1.101	3.972	-0.129	0.000
314	51	303	-1	445	446	21	0.835	4.732	-3.059	0.000
315	52	257	-1	447	447	21	1.645	4.410	2.074	0.000
316	51	296	-1	520	520	3	9.207	1.324	-0.016	0.500
317	51	296	-1	543	543	-3	7.820	1.312	0.208	0.500
318	52	276	-1	402	402	21	9.526	1.369	0.521	0.000
319	51	233	-1	367	368	21	2.880	-5.559	2.224	0.000
320	51	233	-1	572	572	21	0.670	-5.462	-1.924	0.000
321	53	498	-1	234	234	21	0.000	999.900	-1.571	0.000
322	51	301	-1	600	600	2	0.401	-0.594	2.284	0.330
323	51	301	-1	327	327	21	1.347	-2.146	-0.520	0.000
324	52	302	-1	325	326	21	1.882	0.255	-0.998	0.000
325	51	324	-1	348	348	21	0.591	-0.724	-2.600	0.000
326	51	324	-1	463	464	21	2.226	-0.025	-0.678	0.000
327	52	323	-1	465	465	21	1.108	-2.146	-0.520	0.000
328	51	267	-1	519	519	-1	1.881	-0.775	-2.619	0.330
329	51	267	-1	424	425	21	5.088	-0.389	-2.125	0.000
330	52	277	-1	379	380	21	1.603	-0.015	2.912	0.000
331	51	294	-1	438	438	21	2.877	1.333	1.512	0.000
332	51	294	-1	436	437	21	3.125	1.424	0.882	0.000
333	52	295	-1	541	541	21	1.592	1.060	0.613	0.000
334	51	308	-1	382	383	21	0.243	-9.023	-2.350	0.000
335	51	308	-1	384	384	21	0.943	-6.230	-0.632	0.000
336	52	309	-1	472	473	21	0.938	-4.204	2.251	0.000
337	51	270	-1	522	522	21	22.043	1.348	-0.183	0.000
338	51	270	-1	546	546	21	0.017	5.666	1.706	0.000
339	52	275	-1	415	416	21	5.168	3.293	-2.822	0.000
340	51	293	-1	631	631	21	0.723	3.017	0.769	0.000
341	51	293	-1	366	366	21	1.762	3.501	3.010	0.000
342	52	292	-1	364	365	21	1.286	-1.266	-1.144	0.000
343	51	208	-1	577	577	21	1.093	3.071	1.752	0.000
344	51	208	-1	361	362	21	1.004	2.819	-2.591	0.000
345	52	297	-1	363	363	21	1.128	-0.539	-2.032	0.000
346	51	199	-1	598	598	3	0.463	7.014	-0.583	0.500
347	51	199	-1	468	468	-3	0.960	4.593	-0.327	0.500
348	52	325	-1	466	467	21	0.586	-0.724	-2.600	0.000
349	51	278	-1	530	530	1	35.570	-0.192	-2.490	0.330
350	51	278	-1	547	547	21	0.657	0.158	2.533	0.000
351	52	266	-1	518	518	-6	23.445	0.527	0.528	173.000
352	51	274	-1	406	407	21	5.569	-4.203	1.058	0.000
353	51	274	-1	435	435	21	0.715	-3.139	-0.209	0.000
354	52	273	-1	433	434	21	7.765	-2.311	0.339	0.000
355	51	284	-1	385	386	21	1.150	4.055	-2.370	0.000
356	51	284	-1	549	549	21	0.734	4.045	-0.387	0.000
357	52	283	-1	535	535	-2	9.902	2.735	3.093	0.330
358	51	119	-1	409	410	2	1.815	-6.308	2.376	0.330
359	51	119	-1	411	411	21	0.232	-4.755	-0.335	0.000
360	52	211	-1	397	398	21	2.363	-5.288	-2.715	0.000
361	51	344	-1	388	389	21	1.182	2.565	-3.026	0.000
362	51	344	-1	390	390	21	0.577	0.989	-1.113	0.000
363	52	345	-1	575	575	21	0.985	-0.539	-2.032	0.000
364	51	342	-1	378	378	21	1.615	-1.024	-1.246	0.000
365	51	342	-1	396	396	21	0.372	1.738	1.715	0.000
366	52	341	-1	394	395	21	1.692	3.501	3.010	0.000
367	51	319	-1	571	571	21	0.665	-5.278	1.475	0.000
368	51	319	-1	573	573	21	2.641	-5.815	2.442	0.000
369	52	232	-1	569	569	21	1.595	-7.104	2.788	0.000
370	51	249	-1	487	488	21	4.043	-1.913	-1.678	0.000
371	51	249	-1	617	617	21	0.469	-3.411	-1.568	0.000
372	53	375	-1	188	188	21	0.000	-999.900	-2.283	0.000
373	51	160	-1	612	612	21	2.017	-3.637	1.176	0.000
374	51	160	-1	618	618	21	0.368	-3.525	-0.850	0.000
375	53	511	-1	372	372	21	0.000	-999.900	-2.263	0.000
376	51	291	-1	632	632	1	0.495	-1.947	-2.660	0.330
377	51	291	-1	490	491	21	0.512	-3.677	0.008	0.000
378	52	364	-1	492	492	21	1.311	-1.024	-1.246	0.000
379	51	330	-1	426	426	21	0.946	-0.067	2.207	0.000
380	51	330	-1	550	550	21	1.247	0.632	-2.955	0.000
381	52	286	-1	538	538	21	0.728	1.774	2.512	0.000
382	51	334	-1	639	639	21	0.082	-4.611	1.798	0.000
383	51	334	-1	642	642	21	0.583	-8.259	-1.161	0.000
384	52	335	-1	474	474	21	0.466	-6.230	-0.632	0.000
385	51	355	-1	536	536	21	0.185	7.411	-2.265	0.000
386	51	355	-1	405	405	21	1.117	4.027	-2.445	0.000
387	52	280	-1	403	404	2	1.564	7.534	-2.779	0.330
388	51	361	-1	586	586	21	1.239	1.993	-2.489	0.000
389	51	361	-1	589	589	21	0.384	2.902	1.760	0.000
390	52	362	-1	588	588	21	0.310	0.989	-1.113	0.000
391	51	304	-1	615	615	21	1.219	3.913	1.719	0.000
392	51	304	-1	619	619	21	0.209	1.213	-2.517	0.000
393	52	305	-1	414	414	21	1.513	0.968	1.700	0.000
394	51	366	-1	634	634	21	1.725	3.494	2.968	0.000
395	51	366	-1	637	637	21	0.125	1.293	1.628	0.000
396	52	365	-1	635	635	21	0.170	1.738	1.715	0.000
397	51	360	-1	580	580	21	1.699	-4.896	-2.504	0.000
398	51	360	-1	457	458	21	0.753	-5.771	3.050	0.000
399	52	207	-1	459	459	-1	5.179	-2.798	0.766	0.330
400	51	285	-1	537	537	21	2.453	1.337	-0.203	0.000
401	51	285	-1	441	441	21	1.575	1.966	-0.364	0.000
402	52	318	-1	439	440	21	8.960	1.369	0.521	0.000
403	51	387	-1	532	532	2	0.708	7.539	2.636	0.330
404	51	387	-1	442	443	21	1.264	7.141	-2.328	0.000
405	52	386	-1	444	444	21	1.084	4.027	-2.445	0.000
406	51	352	-1	451	452	21	5.150	-4.140	1.063	0.000
407	51	352	-1	453	453	21	0.420	-5.774	0.992	0.000
408	53	507	-1	264	264	21	0.000	-999.900	0.420	0.000
409	51	358	-1	583	583	2	1.668	-6.407	2.375	0.330
410	51	358	-1	591	591	21	0.060	-3.544	1.200	0.000
411	52	359	-1	587	587	21	0.095	-4.755	-0.335	0.000
412	51	248	-1	489	489	21	0.963	-0.544	-0.358	0.000
413	51	248	-1	620	620	21	0.582	-0.465	-2.417	0.000
414	52	393	-1	609	609	21	1.324	0.968	1.700	0.000
415	51	339	-1	527	527	21	2.778	3.281	-2.973	0.000
416	51	339	-1	555	555	21	3.948	3.177	-2.582	0.000
417	52	287	-1	481	482	21	3.572	2.971	-2.469	0.000
418	51	186	-1	423	423	21	1.580	-5.840	-2.803	0.000
419	51	186	-1	421	422	21	0.457	-5.371	-0.044	0.000
420	52	282	-1	469	470	-1	2.031	4.807	-1.122	0.330
421	51	419	-1	471	471	1	0.334	-5.696	0.207	0.330
422	51	419	-1	557	557	-1	0.803	-5.934	-2.644	0.330
423	52	418	-1	540	540	21	0.694	-5.840	-2.803	0.000
424	51	329	-1	544	544	21	0.888	-0.949	-2.241	0.000
425	51	329	-1	480	480	21	4.157	-0.254	-2.129	0.000
426	52	379	-1	478	479	21	0.815	-0.067	2.207	0.000
427	51	72	-1	570	570	21	3.389	-1.687	-0.380	0.000
428	51	72	-1	574	574	21	1.161	-1.673	-1.090	0.000
429	53	508	-1	70	70	21	0.000	-999.900	3.142	0.000
430	51	300	-1	594	594	-2	4.768	-3.182	2.027	0.330
431	51	300	-1	604	604	21	0.238	-4.053	0.439	0.000
432	52	290	-1	595	595	21	2.421	-3.464	-2.135	0.000
433	51	354	-1	525	525	-2	1.790	-2.203	0.486	0.330
434	51	354	-1	559	559	2	6.164	-2.377	0.281	0.330
435	52	353	-1	548	548	21	0.528	-3.139	-0.209	0.000
436	51	332	-1	545	545	21	3.179	1.254	1.106	0.000
437	51	332	-1	560	560	21	0.945	1.873	0.843	0.000
438	52	331	-1	533	533	21	1.741	1.333	1.512	0.000
439	51	402	-1	528	528	21	4.462	1.316	0.624	0.000
440	51	402	-1	561	561	21	4.643	1.439	0.399	0.000
441	52	401	-1	552	552	21	1.437	1.966	-0.364	0.000
442	51	404	-1	553	553	21	1.032	6.938	-1.751	0.000
443	51	404	-1	562	562	21	0.728	6.601	3.058	0.000
444	52	405	-1	551	551	21	1.029	4.027	-2.445	0.000
445	51	314	-1	616	616	21	0.054	1.971	2.784	0.000
446	51	314	-1	621	621	21	1.669	4.752	2.525	0.000
447	52	315	-1	611	611	21	0.442	4.410	2.074	0.000
448	51	288	-1	597	597	21	0.631	-4.305	-2.216	0.000
449	51	288	-1	605	605	21	0.724	-4.115	-0.104	0.000
450	52	289	-1	599	599	21	1.025	-3.383	0.955	0.000
451	51	406	-1	526	526	21	3.745	-4.299	1.005	0.000
452	51	406	-1	563	563	21	1.500	-3.869	1.204	0.000
453	52	407	-1	554	554	21	0.345	-5.774	0.992	0.000
454	51	311	-1	542	542	-2	4.598	-1.837	-1.509	0.330
455	51	311	-1	564	564	21	0.406	-1.056	2.722	0.000
456	52	312	-1	517	517	6	30.358	-2.474	2.858	173.000
457	51	398	-1	590	590	21	0.370	-5.903	1.370	0.000
458	51	398	-1	592	592	21	0.805	-4.892	-2.838	0.000
459	52	399	-1	576	576	-1	5.102	-2.798	0.766	0.330
460	51	231	-1	624	624	-2	0.225	1.490	1.454	0.330
461	51	231	-1	628	628	21	1.066	1.195	-2.142	0.000
462	52	230	-1	495	495	21	0.212	0.834	0.895	0.000
463	51	326	-1	475	476	21	1.663	0.130	-0.510	0.000
464	51	326	-1	606	606	21	0.766	-0.961	-1.017	0.000
465	52	327	-1	601	601	21	0.970	-2.146	-0.520	0.000
466	51	348	-1	477	477	21	0.854	-0.329	-2.685	0.000
467	51	348	-1	607	607	21	0.312	2.575	0.193	0.000
468	52	347	-1	603	603	-3	0.915	4.593	-0.327	0.500
469	51	420	-1	534	534	-1	0.347	4.997	-2.651	0.330
470	51	420	-1	565	565	21	2.045	4.568	-0.952	0.000
471	52	421	-1	556	556	1	0.334	-5.696	0.207	0.330
472	51	336	-1	640	640	21	0.506	-3.986	-3.035	0.000
473	51	336	-1	643	643	21	0.706	-4.975	1.543	0.000
474	52	384	-1	641	641	21	0.335	-6.230	-0.632	0.000
475	51	463	-1	602	602	21	0.989	-0.407	-0.566	0.000
476	51	463	-1	608	608	21	0.575	0.871	-0.690	0.000
477	52	466	-1	593	593	21	0.661	-0.329	-2.685	0.000
478	51	426	-1	529	529	-2	0.704	-0.001	-2.179	0.330
479	51	426	-1	486	486	2	0.751	-0.337	2.304	0.330
480	52	425	-1	484	485	21	3.361	-0.254	-2.129	0.000
481	51	417	-1	539	539	21	2.719	2.818	-2.509	0.000
482	51	417	-1	567	567	21	0.980	3.540	-2.615	0.000
483	52	271	-1	523	523	2	2.316	3.554	2.693	0.330
484	51	480	-1	558	558	21	2.087	-0.319	-2.394	0.000
485	51	480	-1	568	568	21	1.370	-0.160	-1.804	0.000
486	52	479	-1	566	566	2	0.633	-0.346	2.330	0.330
487	51	370	-1	610	610	21	3.645	-1.785	-1.613	0.000
488	51	370	-1	622	622	21	0.453	-2.548	-2.019	0.000
489	52	412	-1	613	613	21	0.877	-0.544	-0.358	0.000
490	51	377	-1	636	636	21	0.276	-3.546	2.156	0.000
491	51	377	-1	638	638	21	0.800	-2.629	-0.474	0.000
492	52	378	-1	633	633	21	1.164	-1.024	-1.246	0.000
493	51	256	-1	625	625	21	0.815	3.211	-0.965	0.000
494	51	256	-1	629	629	21	0.476	1.733	-1.341	0.000
495	52	462	-1	626	626	21	0.117	0.834	0.895	0.000
496	4	-1	-1	497	505	2212	0.000	999.900	0.000	0.938
497	61	496	-1	263	263	2	0.333	9.661	-2.770	0.000
498	61	496	-1	321	321	21	0.892	-0.037	-1.020	0.000
499	61	496	-1	204	204	21	0.406	6.152	-1.407	0.000
500	61	496	-1	222	222	21	0.793	6.650	-1.601	0.000
501	61	496	-1	187	187	21	2.127	5.119	1.781	0.000
502	61	496	-1	154	154	21	0.950	4.683	2.507	0.000
503	61	496	-1	250	250	21	0.837	4.478	0.108	0.000
504	61	496	-1	306	306	21	0.469	-3.394	-0.942	0.000
505	63	496	-1	1022	1022	2101	0.297	9.983	-1.907	0.579
506	4	-1	-1	507	516	2212	0.000	-999.900	0.000	0.938
507	61	506	-1	408	408	21	4.557	-6.051	-2.860	0.000
508	61	506	-1	429	429	21	2.146	-7.289	-1.944	0.000
509	61	506	-1	205	205	2	1.186	-7.402	0.713	0.000
510	61	506	-1	223	223	21	1.165	-6.092	0.009	0.000
511	61	506	-1	375	375	21	1.290	-4.642	-0.486	0.000
512	61	506	-1	155	155	-2	2.991	1.330	1.067	0.000
513	61	506	-1	251	251	1	1.248	-3.336	0.337	0.000
514	61	506	-1	307	307	21	0.917	-7.939	-2.734	0.000
515	63	506	-1	1100	1100	2	0.451	-3.652	1.275	0.330
516	63	506	-1	1099	1099	2	0.047	-10.956	-0.386	0.330
517	62	456	-1	644	645	6	31.221	-2.446	2.876	173.000
518	62	351	-1	685	686	-6	23.063	0.533	0.532	173.000
519	62	328	-1	746	746	-1	1.890	-0.771	-2.621	0.330
520	62	316	-1	797	797	3	9.200	1.323	-0.016	0.500
521	62	269	-1	802	802	21	7.899	1.824	1.165	0.000
522	62	337	-1	751	751	21	22.026	1.348	-0.184	0.000
523	62	483	-1	967	967	2	2.320	3.553	2.695	0.330
524	62	310	-1	761	764	2	7.400	-1.753	-1.899	0.330
525	62	433	-1	761	764	-2	1.752	-2.224	0.490	0.330
526	62	451	-1	843	843	21	3.286	-4.429	1.137	0.000
527	62	415	-1	971	971	21	2.782	3.279	-2.972	0.000
528	62	439	-1	976	976	21	4.459	1.315	0.624	0.000
529	62	478	-1	805	805	-2	0.706	0.000	-2.181	0.330
530	62	349	-1	863	863	1	35.666	-0.190	-2.491	0.330
531	62	279	-1	1102	1102	1	3.147	5.199	0.779	0.330
532	62	403	-1	907	907	2	0.765	7.461	2.721	0.330
533	62	438	-1	801	801	21	1.740	1.333	1.513	0.000
534	62	469	-1	1040	1040	-1	0.350	4.987	-2.652	0.330
535	62	357	-1	913	913	-2	9.912	2.734	3.094	0.330
536	62	385	-1	911	911	21	0.202	7.321	-2.311	0.000
537	62	400	-1	751	751	21	2.451	1.336	-0.204	0.000
538	62	381	-1	803	803	21	0.728	1.774	2.513	0.000
539	62	481	-1	969	969	21	2.722	2.817	-2.509	0.000
540	62	423	-1	730	730	21	1.256	-5.247	-2.828	0.000
541	62	333	-1	798	798	21	1.591	1.059	0.613	0.000
542	62	454	-1	891	891	-2	4.613	-1.834	-1.523	0.330
543	62	317	-1	977	977	-3	7.813	1.312	0.208	0.500
544	62	424	-1	746	746	21	0.892	-0.944	-2.244	0.000
545	62	436	-1	799	799	21	3.177	1.254	1.107	0.000
546	62	338	-1	972	972	21	0.017	5.670	1.724	0.000
547	62	350	-1	864	864	21	0.658	0.159	2.534	0.000
548	62	435	-1	842	842	21	0.503	-3.188	-0.236	0.000
549	62	356	-1	912	912	21	0.732	4.048	-0.390	0.000
550	62	380	-1	804	804	21	1.249	0.633	-2.955	0.000
551	62	444	-1	910	910	21	1.032	4.024	-2.446	0.000
552	62	441	-1	974	974	21	1.436	1.966	-0.364	0.000
553	62	442	-1	908	908	21	1.069	6.902	-1.805	0.000
554	62	453	-1	749	749	21	0.225	-6.201	1.852	0.000
555	62	416	-1	970	970	21	3.955	3.175	-2.583	0.000
556	62	471	-1	1038	1038	1	0.102	-6.883	0.035	0.330
557	62	422	-1	730	730	-1	1.509	-5.303	-2.746	0.330
558	62	484	-1	754	754	21	2.094	-0.316	-2.396	0.000
559	62	434	-1	841	841	2	6.008	-2.402	0.281	0.330
560	62	437	-1	800	800	21	0.945	1.873	0.844	0.000
561	62	440	-1	975	975	21	4.639	1.439	0.399	0.000
562	62	443	-1	909	909	21	0.759	6.559	3.078	0.000
563	62	452	-1	844	844	21	1.405	-3.935	1.300	0.000
564	62	455	-1	890	890	21	0.408	-1.050	2.726	0.000
565	62	470	-1	1039	1039	21	2.042	4.570	-0.958	0.000
566	62	486	-1	752	752	2	0.634	-0.344	2.334	0.330
567	62	482	-1	968	968	21	0.982	3.538	-2.616	0.000
568	62	485	-1	753	753	21	1.372	-0.158	-1.806	0.000
569	62	369	-1	1066	1066	21	2.092	-6.833	-2.809	0.000
570	62	427	-1	824	824	21	3.932	-1.836	-0.483	0.000
571	62	367	-1	735	735	21	0.578	-5.412	1.513	0.000
572	62	320	-1	1062	1062	21	0.781	-5.316	-1.923	0.000
573	62	368	-1	1064	1064	21	2.506	-5.862	2.672	0.000
574	62	428	-1	822	822	21	1.390	-1.848	-1.081	0.000
575	62	363	-1	930	930	21	0.985	-0.541	-2.030	0.000
576	62	459	-1	786	786	-1	5.153	-2.788	0.766	0.330
577	62	343	-1	934	934	21	1.043	3.118	1.752	0.000
578	62	209	-1	1101	1101	21	3.999	-4.502	-0.867	0.000
579	62	210	-1	935	935	21	3.070	3.859	-2.734	0.000
580	62	397	-1	783	783	21	1.560	-4.981	-2.511	0.000
581	62	243	-1	745	745	21	1.023	-0.350	1.858	0.000
582	62	213	-1	927	927	1	0.778	-0.673	0.338	0.330
583	62	409	-1	781	781	2	1.725	-6.373	2.011	0.330
584	62	299	-1	745	745	21	0.294	-0.120	2.713	0.000
585	62	298	-1	929	929	21	1.446	0.334	-0.453	0.000
586	62	388	-1	933	933	21	1.248	1.985	-2.475	0.000
587	62	411	-1	742	742	21	0.099	-4.718	-0.275	0.000
588	62	390	-1	931	931	21	0.312	0.984	-1.114	0.000
589	62	389	-1	932	932	21	0.369	2.942	1.761	0.000
590	62	457	-1	784	784	21	0.438	-5.733	1.254	0.000
591	62	410	-1	742	742	21	0.061	-3.525	1.190	0.000
592	62	458	-1	785	785	21	0.745	-4.969	-2.873	0.000
593	62	477	-1	732	732	21	0.660	-0.332	-2.683	0.000
594	62	430	-1	849	849	-2	4.662	-3.204	1.977	0.330
595	62	432	-1	1060	1060	21	2.331	-3.502	-2.072	0.000
596	62	227	-1	1065	1065	21	0.590	-5.690	-3.001	0.000
597	62	448	-1	734	734	21	0.573	-4.401	-2.069	0.000
598	62	346	-1	765	765	3	0.990	6.253	-1.192	0.500
599	62	450	-1	747	747	21	1.067	-3.344	0.903	0.000
600	62	322	-1	738	738	2	0.399	-0.596	2.281	0.330
601	62	465	-1	740	740	21	0.986	-2.130	-0.510	0.000
602	62	475	-1	739	739	21	0.993	-0.405	-0.565	0.000
603	62	468	-1	941	941	-3	0.955	4.549	-0.444	0.500
604	62	431	-1	748	748	21	0.266	-3.940	0.391	0.000
605	62	449	-1	748	748	21	0.824	-3.986	-0.090	0.000
606	62	464	-1	737	737	21	0.769	-0.958	-1.012	0.000
607	62	467	-1	744	744	21	0.311	2.579	0.176	0.000
608	62	476	-1	743	743	21	0.577	0.870	-0.692	0.000
609	62	414	-1	736	736	21	1.342	0.950	1.699	0.000
610	62	487	-1	821	821	21	3.735	-1.759	-1.563	0.000
611	62	447	-1	741	741	21	0.654	4.019	1.978	0.000
612	62	373	-1	847	847	21	2.083	-3.605	0.816	0.000
613	62	489	-1	739	739	21	0.890	-0.526	-0.357	0.000
614	62	313	-1	940	940	21	1.039	4.031	0.194	0.000
615	62	391	-1	741	741	21	1.583	3.651	1.733	0.000
616	62	445	-1	731	731	21	0.055	1.946	2.748	0.000
617	62	371	-1	733	733	21	0.547	-3.257	-1.345	0.000
618	62	374	-1	733	733	21	0.482	-3.254	-0.761	0.000
619	62	392	-1	1056	1056	21	0.207	1.219	-2.533	0.000
620	62	413	-1	732	732	21	0.577	-0.469	-2.406	0.000
621	62	446	-1	767	767	21	2.639	4.294	2.223	0.000
622	62	488	-1	1058	1058	21	0.459	-2.535	-1.898	0.000
623	62	254	-1	769	769	-2	1.999	2.685	1.744	0.330
624	62	460	-1	827	827	-2	0.799	1.788	1.202	0.330
625	62	493	-1	939	939	21	0.613	3.338	-0.864	0.000
626	62	495	-1	937	937	21	0.319	1.786	1.035	0.000
627	62	255	-1	1054	1054	2	0.648	4.518	1.830	0.330
628	62	461	-1	738	738	21	0.217	-0.442	1.228	0.000
629	62	494	-1	743	743	21	0.318	1.357	-0.569	0.000
630	62	252	-1	820	820	21	1.077	-1.946	0.444	0.000
631	62	340	-1	744	744	21	0.863	2.843	0.648	0.000
632	62	376	-1	1021	1021	1	0.372	-2.231	-2.611	0.330
633	62	492	-1	737	737	21	1.170	-1.022	-1.143	0.000
634	62	394	-1	766	766	21	1.119	3.925	2.806	0.000
635	62	396	-1	728	728	21	0.170	1.739	1.644	0.000
636	62	490	-1	747	747	21	0.382	-3.221	1.113	0.000
637	62	395	-1	728	728	21	0.125	1.293	1.577	0.000
638	62	491	-1	740	740	21	1.110	-2.303	-0.213	0.000
639	62	382	-1	729	729	21	0.060	-4.324	1.663	0.000
640	62	472	-1	734	734	21	0.444	-3.828	-2.460	0.000
641	62	474	-1	749	749	21	0.326	-6.372	-0.830	0.000
642	62	383	-1	1067	1067	21	1.005	-7.733	-2.110	0.000
643	62	473	-1	729	729	21	0.585	-4.840	1.432	0.000
644	22	517	-1	648	648	24	29.565	-2.456	0.224	79.854
645	23	517	-1	646	647	5	58.971	-0.131	3.114	4.800
646	51	645	-1	651	651	5	47.274	-0.097	-3.049	4.800
647	51	645	-1	649	650	21	12.751	-0.383	2.643	0.000
648	52	644	-1	693	694	24	28.890	-2.468	0.227	79.854
649	51	647	-1	657	657	21	11.794	-0.296	2.798	0.000
650	51	647	-1	652	653	21	2.601	-0.584	2.314	0.000
651	52	646	-1	654	654	5	45.599	-0.098	-3.050	4.800
652	51	650	-1	655	656	21	0.358	1.097	-1.837	0.000
653	51	650	-1	658	659	21	5.600	-0.415	2.803	0.000
654	52	651	-1	660	660	5	41.962	-0.099	-3.051	4.800
655	51	652	-1	669	669	21	0.287	1.394	1.477	0.000
656	51	652	-1	725	725	21	3.468	-0.317	2.982	0.000
657	52	649	-1	661	662	21	8.286	-0.296	2.798	0.000
658	51	653	-1	667	668	21	5.639	-0.398	3.094	0.000
659	51	653	-1	664	665	21	2.489	-0.102	2.611	0.000
660	52	654	-1	663	663	5	39.445	-0.101	-3.054	4.800
661	51	657	-1	670	671	21	3.236	-0.242	2.611	0.000
662	51	657	-1	672	672	21	6.464	-0.274	2.994	0.000
663	52	660	-1	666	666	5	38.049	-0.102	-3.056	4.800
664	51	659	-1	673	674	21	1.207	-0.172	2.381	0.000
665	51	659	-1	675	675	21	5.519	-0.086	-3.110	0.000
666	52	663	-1	724	724	5	33.771	-0.103	-3.063	4.800
667	51	658	-1	676	677	21	4.212	-0.330	-3.033	0.000
668	51	658	-1	678	678	21	1.645	-0.440	2.635	0.000
669	52	655	-1	886	886	21	0.213	1.394	1.477	0.000
670	51	661	-1	679	680	21	6.106	-0.347	2.778	0.000
671	51	661	-1	681	681	21	1.952	0.003	3.046	0.000
672	52	662	-1	726	726	21	1.552	-0.274	2.994	0.000
673	51	664	-1	684	684	21	1.796	-0.493	2.944	0.000
674	51	664	-1	682	683	21	1.836	0.259	2.925	0.000
675	52	665	-1	724	724	21	2.838	-0.086	-3.110	0.000
676	51	667	-1	725	725	21	2.169	-0.339	2.879	0.000
677	51	667	-1	884	884	21	2.910	-0.357	-2.934	0.000
678	52	668	-1	727	727	21	0.781	-0.440	2.635	0.000
679	51	670	-1	889	889	21	2.588	-0.393	2.993	0.000
680	51	670	-1	888	888	21	4.544	-0.242	2.714	0.000
681	52	671	-1	726	726	21	0.959	0.003	3.046	0.000
682	51	674	-1	727	727	21	0.908	-0.376	-2.933	0.000
683	51	674	-1	882	882	21	2.107	0.133	2.756	0.000
684	52	673	-1	881	881	21	0.727	-0.493	2.944	0.000
685	22	518	-1	689	689	-24	76.245	-0.234	0.361	81.322
686	23	518	-1	687	688	-5	53.664	0.547	-2.854	4.800
687	51	686	-1	692	692	-5	47.507	0.611	-2.863	4.800
688	51	686	-1	690	691	21	5.636	-0.029	-2.780	0.000
689	52	685	-1	719	720	-24	75.705	-0.233	0.361	81.322
690	51	688	-1	865	865	21	5.218	0.023	-2.680	0.000
691	51	688	-1	866	866	21	1.459	0.221	3.084	0.000
692	52	687	-1	867	867	-5	46.615	0.610	-2.863	4.800
693	23	648	-1	695	696	-1	55.085	-1.268	0.428	0.330
694	23	648	-1	697	697	2	27.389	-1.783	-2.502	0.330
695	51	693	-1	1006	1006	-1	44.029	-1.220	0.541	0.330
696	51	693	-1	698	699	21	11.701	-1.484	-0.028	0.000
697	52	694	-1	700	700	2	26.537	-1.783	-2.502	0.330
698	51	696	-1	703	703	21	8.106	-1.157	-0.530	0.000
699	51	696	-1	701	702	21	4.053	-2.226	0.693	0.000
700	52	697	-1	704	705	2	24.564	-1.783	-2.502	0.330
701	51	699	-1	706	706	21	1.079	-3.301	0.562	0.000
702	51	699	-1	707	708	21	4.572	-1.303	0.144	0.000
703	52	698	-1	709	709	21	5.418	-1.157	-0.530	0.000
704	51	700	-1	712	712	2	15.321	-1.701	-2.497	0.330
705	51	700	-1	710	711	21	9.198	-1.930	-2.509	0.000
706	52	701	-1	716	717	21	1.034	-3.301	0.562	0.000
707	51	702	-1	713	714	21	0.541	-1.148	1.076	0.000
708	51	702	-1	715	715	21	6.149	-1.266	-0.144	0.000
709	52	703	-1	1005	1005	21	3.312	-1.157	-0.530	0.000
710	51	705	-1	718	718	21	2.411	-1.984	-2.264	0.000
711	51	705	-1	999	999	21	15.284	-1.790	-2.540	0.000
712	52	704	-1	998	998	2	6.903	-1.710	-2.497	0.330
713	51	707	-1	750	750	21	0.156	-2.902	0.075	0.000
714	51	707	-1	1003	1003	21	2.224	-1.066	0.071	0.000
715	52	708	-1	1004	1004	21	4.009	-1.266	-0.144	0.000
716	51	706	-1	750	750	21	1.053	-2.931	0.888	0.000
717	51	706	-1	1001	1001	21	0.502	-3.042	-1.540	0.000
718	52	710	-1	1000	1000	21	2.105	-1.984	-2.264	0.000
719	23	689	-1	721	722	11	38.240	-0.515	1.499	0.001
720	23	689	-1	723	723	-12	69.032	0.041	-0.166	0.000
721	1	719	-1	-1	-1	11	38.232	-0.515	1.499	0.001
722	1	719	-1	-1	-1	22	0.008	-0.251	1.504	0.000
723	1	720	-1	-1	-1	-12	69.032	0.041	-0.166	0.000
724	73	666	675	880	880	5	36.606	-0.101	-3.067	5.020
725	73	656	676	885	885	21	5.630	-0.326	2.942	0.289
726	73	672	681	887	887	21	2.510	-0.169	3.014	0.345
727	73	678	682	883	883	21	1.583	-0.431	3.021	0.592
728	73	635	637	731	731	21	0.295	1.572	1.616	0.066
729	73	639	643	735	735	21	0.644	-4.804	1.453	0.107
730	73	540	557	1068	1068	-1	2.762	-5.279	-2.783	0.462
731	73	616	728	736	736	21	0.323	1.718	1.772	0.164
732	73	593	620	1057	1057	21	1.225	-0.400	-2.554	0.190
733	73	617	618	1059	1059	21	0.986	-3.298	-1.072	0.296
734	73	597	640	1061	1061	21	0.998	-4.209	-2.239	0.352
735	73	571	729	1063	1063	21	1.221	-5.138	1.482	0.417
736	73	609	731	1055	1055	21	1.664	1.144	1.713	0.595
737	73	606	633	825	825	21	1.935	-0.998	-1.091	0.138
738	73	600	628	819	819	2	0.541	-0.611	1.924	0.498
739	73	602	613	826	826	21	1.873	-0.465	-0.467	0.226
740	73	601	638	823	823	21	2.073	-2.236	-0.353	0.359
741	73	611	615	768	768	21	2.224	3.780	1.804	0.451
742	73	587	591	782	782	21	0.122	-4.684	0.247	0.143
743	73	608	629	936	936	21	0.893	1.067	-0.648	0.217
744	73	607	631	938	938	21	1.149	2.801	0.525	0.278
745	73	581	584	928	928	21	1.236	-0.319	2.038	0.472
746	73	519	544	755	755	-1	2.740	-0.839	-2.501	0.673
747	73	599	636	848	848	21	1.443	-3.317	0.958	0.155
748	73	604	605	846	846	21	1.067	-3.997	0.026	0.224
749	73	554	641	845	845	21	0.159	-7.550	-0.151	0.530
750	73	713	716	1002	1002	21	1.166	-2.964	0.791	0.321
751	73	522	537	973	973	21	24.476	1.347	-0.186	0.169
752	71	566	-1	756	760	2	0.634	-0.344	2.334	0.330
753	71	568	-1	756	760	21	1.372	-0.158	-1.806	0.000
754	71	558	-1	756	760	21	2.094	-0.316	-2.396	0.000
755	71	746	-1	756	760	-1	2.740	-0.839	-2.501	0.673
756	1	752	755	-1	-1	211	0.335	-0.564	-2.468	0.140
757	1	752	755	-1	-1	-211	0.373	0.083	1.397	0.140
758	2	752	755	1286	1287	111	2.334	-0.413	-2.446	0.135
759	1	752	755	-1	-1	211	0.645	0.292	-2.920	0.140
760	2	752	755	1288	1289	111	3.088	-0.795	-2.223	0.135
761	2	524	525	1290	1292	223	6.843	-1.769	-1.845	0.781
762	1	524	525	-1	-1	211	0.273	-1.048	-2.719	0.140
763	2	524	525	1124	1124	311	0.445	-2.861	0.942	0.498
764	1	524	525	-1	-1	-321	1.010	-2.309	0.161	0.494
765	71	598	-1	770	780	3	0.990	6.253	-1.192	0.500
766	71	634	-1	770	780	21	1.119	3.925	2.806	0.000
767	71	621	-1	770	780	21	2.639	4.294	2.223	0.000
768	71	741	-1	770	780	21	2.224	3.780	1.804	0.451
769	71	623	-1	770	780	-2	1.999	2.685	1.744	0.330
770	1	765	769	-1	-1	-321	0.292	6.307	3.137	0.494
771	2	765	769	1293	1294	111	0.109	4.968	-1.093	0.135
772	2	765	769	1295	1297	223	0.287	5.312	-2.172	0.782
773	2	765	769	1125	1126	213	0.537	5.919	1.624	1.290
774	1	765	769	-1	-1	-211	0.486	5.726	-2.714	0.140
775	2	765	769	1127	1128	113	1.364	4.388	1.961	1.094
776	2	765	769	1298	1299	111	0.414	4.418	2.568	0.135
777	2	765	769	1129	1130	213	1.329	3.977	2.084	0.769
778	1	765	769	-1	-1	-211	0.589	3.873	2.320	0.140
779	1	765	769	-1	-1	321	1.137	3.199	2.059	0.494
780	2	765	769	1131	1132	-323	1.606	3.152	1.461	0.924
781	71	583	-1	787	796	2	1.725	-6.373	2.011	0.330
782	71	742	-1	787	796	21	0.122	-4.684	0.247	0.143
783	71	580	-1	787	796	21	1.560	-4.981	-2.511	0.000
784	71	590	-1	787	796	21	0.438	-5.733	1.254	0.000
785	71	592	-1	787	796	21	0.745	-4.969	-2.873	0.000
786	71	576	-1	787	796	-1	5.153	-2.788	0.766	0.330
787	1	781	786	-1	-1	211	0.128	-6.136	1.649	0.140
788	1	781	786	-1	-1	-211	0.972	-6.307	1.669	0.140
789	2	781	786	1300	1301	111	0.629	-5.747	2.712	0.135
790	2	781	786	1133	1134	213	0.635	-5.844	-2.371	0.813
791	2	781	786	1302	1304	223	0.473	-6.512	-3.127	0.773
792	1	781	786	-1	-1	-211	0.066	-3.383	0.570	0.140
793	2	781	786	1135	1136	213	0.732	-5.211	2.857	1.425
794	2	781	786	1137	1138	1114	0.750	-3.847	0.626	1.171
795	2	781	786	1139	1140	-1114	3.865	-2.991	0.801	1.262
796	2	781	786	1305	1306	111	0.230	-2.381	0.424	0.135
797	71	520	-1	806	818	3	9.200	1.323	-0.016	0.500
798	71	541	-1	806	818	21	1.591	1.059	0.613	0.000
799	71	545	-1	806	818	21	3.177	1.254	1.107	0.000
800	71	560	-1	806	818	21	0.945	1.873	0.844	0.000
801	71	533	-1	806	818	21	1.740	1.333	1.513	0.000
802	71	521	-1	806	818	21	7.899	1.824	1.165	0.000
803	71	538	-1	806	818	21	0.728	1.774	2.513	0.000
804	71	550	-1	806	818	21	1.249	0.633	-2.955	0.000
805	71	529	-1	806	818	-2	0.706	0.000	-2.181	0.330
806	2	797	805	1141	1141	-311	5.614	1.355	-0.070	0.498
807	2	797	805	1142	1143	-213	3.041	1.059	0.223	0.981
808	1	797	805	-1	-1	321	1.892	1.590	0.647	0.494
809	2	797	805	1144	1145	-313	2.920	1.332	0.860	0.898
810	1	797	805	-1	-1	-211	0.543	1.639	1.827	0.140
811	2	797	805	1307	1308	111	0.385	1.288	0.652	0.135
812	2	797	805	1146	1147	213	3.078	1.575	1.199	1.005
813	2	797	805	1309	1310	111	3.616	1.857	1.255	0.135
814	2	797	805	1148	1149	113	0.974	1.925	1.374	0.789
815	2	797	805	1150	1151	-213	1.262	1.875	1.226	0.914
816	1	797	805	-1	-1	2212	0.251	3.271	2.144	0.938
817	1	797	805	-1	-1	-321	0.568	0.007	3.061	0.494
818	2	797	805	1311	1312	-3212	0.774	1.370	-2.927	1.193
819	71	738	-1	828	840	2	0.541	-0.611	1.924	0.498
820	71	630	-1	828	840	21	1.077	-1.946	0.444	0.000
821	71	610	-1	828	840	21	3.735	-1.759	-1.563	0.000
822	71	574	-1	828	840	21	1.390	-1.848	-1.081	0.000
823	71	740	-1	828	840	21	2.073	-2.236	-0.353	0.359
824	71	570	-1	828	840	21	3.932	-1.836	-0.483	0.000
825	71	737	-1	828	840	21	1.935	-0.998	-1.091	0.138
826	71	739	-1	828	840	21	1.873	-0.465	-0.467	0.226
827	71	624	-1	828	840	-2	0.799	1.788	1.202	0.330
828	1	819	827	-1	-1	211	0.786	-1.924	0.514	0.140
829	1	819	827	-1	-1	-211	0.571	-0.752	2.005	0.140
830	2	819	827	1313	1315	221	1.032	-0.958	-1.317	0.548
831	2	819	827	1316	1317	111	1.794	-2.017	-1.218	0.135
832	2	819	827	1152	1153	113	0.994	-2.221	-1.670	0.801
833	1	819	827	-1	-1	211	3.568	-1.914	-0.575	0.140
834	2	819	827	1318	1320	331	1.324	-2.101	-1.167	0.958
835	2	819	827	1154	1155	-213	1.535	-1.943	-0.689	1.265
836	2	819	827	1156	1157	213	1.946	-1.271	-0.238	0.464
837	2	819	827	1158	1159	-213	1.545	-0.882	-1.048	0.854
838	1	819	827	-1	-1	211	0.022	-3.517	-2.796	0.140
839	2	819	827	1160	1161	-213	0.705	-0.144	-1.107	0.952
840	2	819	827	1162	1163	113	1.312	1.079	0.851	1.066
841	71	559	-1	850	862	2	6.008	-2.402	0.281	0.330
842	71	548	-1	850	862	21	0.503	-3.188	-0.236	0.000
843	71	526	-1	850	862	21	3.286	-4.429	1.137	0.000
844	71	563	-1	850	862	21	1.405	-3.935	1.300	0.000
845	71	749	-1	850	862	21	0.159	-7.550	-0.151	0.530
846	71	748	-1	850	862	21	1.067	-3.997	0.026	0.224
847	71	612	-1	850	862	21	2.083	-3.605	0.816	0.000
848	71	747	-1	850	862	21	1.443	-3.317	0.958	0.155
849	71	594	-1	850	862	-2	4.662	-3.204	1.977	0.330
850	2	841	849	1164	1165	2114	4.361	-2.465	0.208	1.215
851	2	841	849	1166	1167	-1114	2.624	-2.913	0.611	1.138
852	1	841	849	-1	-1	2112	1.216	-4.723	1.349	0.940
853	1	841	849	-1	-1	-2112	0.201	-5.909	-0.580	0.940
854	2	841	849	1321	1322	3212	2.440	-4.495	1.206	1.193
855	2	841	849	1323	1324	-3222	0.753	-4.932	0.729	1.189
856	1	841	849	-1	-1	211	0.564	-4.678	0.274	0.140
857	2	841	849	1325	1326	111	0.397	-3.944	0.174	0.135
858	2	841	849	1168	1168	311	0.223	-5.852	1.126	0.498
859	2	841	849	1169	1170	-313	0.738	-3.948	0.400	0.932
860	2	841	849	1327	1329	221	0.494	-3.949	0.978	0.548
861	1	841	849	-1	-1	-211	1.867	-3.248	1.096	0.140
862	2	841	849	1330	1332	223	4.094	-3.318	1.937	0.785
863	71	530	-1	868	879	1	35.666	-0.190	-2.491	0.330
864	71	547	-1	868	879	21	0.658	0.159	2.534	0.000
865	71	690	-1	868	879	21	5.218	0.023	-2.680	0.000
866	71	691	-1	868	879	21	1.459	0.221	3.084	0.000
867	71	692	-1	868	879	-5	46.615	0.610	-2.863	4.800
868	2	863	867	1171	1172	-213	7.667	-0.134	-2.529	0.731
869	2	863	867	1173	1174	213	10.324	-0.248	-2.455	0.897
870	1	863	867	-1	-1	-211	1.957	-0.195	-2.692	0.140
871	2	863	867	1333	1335	223	10.001	-0.181	-2.532	0.791
872	2	863	867	1336	1337	111	1.761	-0.216	-2.322	0.135
873	2	863	867	1175	1176	323	4.808	-0.033	-2.551	1.117
874	2	863	867	1177	1178	-313	3.413	-0.002	-2.743	0.848
875	2	863	867	1179	1179	311	0.530	-0.052	-2.818	0.498
876	1	863	867	-1	-1	-321	4.872	0.585	-2.876	0.494
877	1	863	867	-1	-1	211	3.414	0.419	-2.807	0.140
878	1	863	867	-1	-1	-211	4.255	0.644	-2.705	0.140
879	2	863	867	1338	1339	523	36.185	0.598	-2.888	5.325
880	71	724	-1	892	906	5	36.606	-0.101	-3.067	5.020
881	71	684	-1	892	906	21	0.727	-0.493	2.944	0.000
882	71	683	-1	892	906	21	2.107	0.133	2.756	0.000
883	71	727	-1	892	906	21	1.583	-0.431	3.021	0.592
884	71	677	-1	892	906	21	2.910	-0.357	-2.934	0.000
885	71	725	-1	892	906	21	5.630	-0.326	2.942	0.289
886	71	669	-1	892	906	21	0.213	1.394	1.477	0.000
887	71	726	-1	892	906	21	2.510	-0.169	3.014	0.345
888	71	680	-1	892	906	21	4.544	-0.242	2.714	0.000
889	71	679	-1	892	906	21	2.588	-0.393	2.993	0.000
890	71	564	-1	892	906	21	0.408	-1.050	2.726	0.000
891	71	542	-1	892	906	-2	4.613	-1.834	-1.523	0.330
892	2	880	891	1340	1342	-511	31.392	-0.112	-3.086	5.280
893	1	880	891	-1	-1	-211	4.704	-0.119	3.088	0.140
894	2	880	891	1180	1181	213	3.181	-0.129	-2.795	0.765
895	2	880	891	1182	1183	-213	3.115	-0.285	2.851	0.833
896	2	880	891	1184	1185	213	2.998	-0.149	3.028	1.454
897	2	880	891	1186	1187	-213	4.765	-0.276	3.039	0.773
898	1	880	891	-1	-1	211	0.413	0.170	-2.177	0.140
899	2	880	891	1343	1345	223	4.510	-0.305	2.790	0.781
900	1	880	891	-1	-1	-211	0.082	-1.056	2.623	0.140
901	2	880	891	1188	1189	213	2.573	-0.350	2.797	0.769
902	2	880	891	1346	1348	223	0.794	-1.004	2.976	0.788
903	2	880	891	1190	1191	313	0.893	-0.792	3.014	1.054
904	1	880	891	-1	-1	-321	0.195	-1.772	-1.596	0.494
905	2	880	891	1349	1350	111	1.737	-2.007	-1.594	0.135
906	2	880	891	1351	1352	111	2.308	-1.689	-1.577	0.135
907	71	532	-1	914	926	2	0.765	7.461	2.721	0.330
908	71	553	-1	914	926	21	1.069	6.902	-1.805	0.000
909	71	562	-1	914	926	21	0.759	6.559	3.078	0.000
910	71	551	-1	914	926	21	1.032	4.024	-2.446	0.000
911	71	536	-1	914	926	21	0.202	7.321	-2.311	0.000
912	71	549	-1	914	926	21	0.732	4.048	-0.390	0.000
913	71	535	-1	914	926	-2	9.912	2.734	3.094	0.330
914	1	907	913	-1	-1	211	1.058	7.116	-2.415	0.140
915	2	907	913	1192	1192	311	0.422	7.049	2.807	0.498
916	2	907	913	1193	1194	-313	0.671	6.178	2.627	0.866
917	2	907	913	1195	1196	113	0.579	6.601	-1.298	1.016
918	2	907	913	1197	1197	311	0.340	6.964	-2.394	0.498
919	2	907	913	1198	1198	-311	0.165	6.691	2.059	0.498
920	1	907	913	-1	-1	-211	0.416	5.223	-1.791	0.140
921	1	907	913	-1	-1	2212	0.832	4.878	-2.515	0.938
922	1	907	913	-1	-1	-2212	0.318	5.281	-0.371	0.938
923	2	907	913	1199	1200	113	0.917	4.215	2.140	1.297
924	2	907	913	1353	1355	221	0.684	3.406	-3.052	0.548
925	2	907	913	1356	1357	111	4.546	2.671	-3.130	0.135
926	2	907	913	1201	1202	113	3.724	2.772	-3.123	0.714
927	71	582	-1	942	966	1	0.778	-0.673	0.338	0.330
928	71	745	-1	942	966	21	1.236	-0.319	2.038	0.472
929	71	585	-1	942	966	21	1.446	0.334	-0.453	0.000
930	71	575	-1	942	966	21	0.985	-0.541	-2.030	0.000
931	71	588	-1	942	966	21	0.312	0.984	-1.114	0.000
932	71	589	-1	942	966	21	0.369	2.942	1.761	0.000
933	71	586	-1	942	966	21	1.248	1.985	-2.475	0.000
934	71	577	-1	942	966	21	1.043	3.118	1.752	0.000
935	71	579	-1	942	966	21	3.070	3.859	-2.734	0.000
936	71	743	-1	942	966	21	0.893	1.067	-0.648	0.217
937	71	626	-1	942	966	21	0.319	1.786	1.035	0.000
938	71	744	-1	942	966	21	1.149	2.801	0.525	0.278
939	71	625	-1	942	966	21	0.613	3.338	-0.864	0.000
940	71	614	-1	942	966	21	1.039	4.031	0.194	0.000
941	71	603	-1	942	966	-3	0.955	4.549	-0.444	0.500
942	2	927	941	1203	1204	113	0.816	-0.113	1.241	0.921
943	1	927	941	-1	-1	-211	0.265	-0.024	1.247	0.140
944	2	927	941	1358	1359	111	0.628	-0.366	-0.283	0.135
945	1	927	941	-1	-1	211	0.159	-1.188	-2.687	0.140
946	2	927	941	1360	1362	223	0.239	-0.442	-0.552	0.773
947	2	927	941	1363	1364	111	0.437	0.392	2.635	0.135
948	2	927	941	1205	1206	-213	1.234	0.425	-0.935	0.793
949	1	927	941	-1	-1	211	0.270	-0.095	-1.929	0.140
950	2	927	941	1365	1367	221	0.656	1.372	2.088	0.548
951	2	927	941	1207	1208	-213	0.975	1.963	-2.313	1.077
952	2	927	941	1368	1370	111	0.337	2.450	0.229	0.135
953	1	927	941	-1	-1	211	0.282	1.214	-2.723	0.140
954	1	927	941	-1	-1	-211	0.784	3.725	-2.531	0.140
955	1	927	941	-1	-1	211	1.132	3.882	-3.136	0.140
956	2	927	941	1209	1210	313	0.843	3.765	2.767	1.140
957	2	927	941	1211	1212	-323	0.486	3.731	-0.503	1.081
958	1	927	941	-1	-1	211	0.269	2.424	2.774	0.140
959	2	927	941	1213	1213	311	0.747	2.873	-2.219	0.498
960	1	927	941	-1	-1	-321	0.802	3.209	1.302	0.494
961	2	927	941	1371	1372	111	0.544	2.244	-0.861	0.135
962	2	927	941	1373	1374	111	0.081	1.681	2.256	0.135
963	1	927	941	-1	-1	211	0.376	1.740	-0.597	0.140
964	1	927	941	-1	-1	-211	0.441	2.255	0.205	0.140
965	2	927	941	1375	1377	223	0.556	4.056	0.913	0.781
966	1	927	941	-1	-1	321	2.262	4.088	-0.313	0.494
967	71	523	-1	978	997	2	2.320	3.553	2.695	0.330
968	71	567	-1	978	997	21	0.982	3.538	-2.616	0.000
969	71	539	-1	978	997	21	2.722	2.817	-2.509	0.000
970	71	555	-1	978	997	21	3.955	3.175	-2.583	0.000
971	71	527	-1	978	997	21	2.782	3.279	-2.972	0.000
972	71	546	-1	978	997	21	0.017	5.670	1.724	0.000
973	71	751	-1	978	997	21	24.476	1.347	-0.186	0.169
974	71	552	-1	978	997	21	1.436	1.966	-0.364	0.000
975	71	561	-1	978	997	21	4.639	1.439	0.399	0.000
976	71	528	-1	978	997	21	4.459	1.315	0.624	0.000
977	71	543	-1	978	997	-3	7.813	1.312	0.208	0.500
978	2	967	977	1214	1215	113	1.801	3.701	3.071	0.881
979	2	967	977	1216	1217	213	1.479	3.012	3.029	0.975
980	2	967	977	1218	1218	311	2.549	3.324	-2.729	0.498
981	2	967	977	1219	1219	-311	2.704	3.209	-2.658	0.498
982	2	967	977	1378	1379	111	1.659	3.096	-2.276	0.135
983	1	967	977	-1	-1	2112	0.970	3.295	-2.890	0.940
984	1	967	977	-1	-1	-2112	1.227	2.649	-2.939	0.940
985	2	967	977	1380	1382	223	0.201	3.543	0.065	0.777
986	2	967	977	1220	1221	-213	2.926	1.706	-0.288	0.750
987	2	967	977	1383	1384	111	0.407	1.223	0.331	0.135
988	1	967	977	-1	-1	211	1.327	1.662	0.043	0.140
989	1	967	977	-1	-1	2112	7.930	1.333	-0.190	0.940
990	1	967	977	-1	-1	-2112	5.917	1.333	-0.229	0.940
991	1	967	977	-1	-1	-211	3.618	1.527	-0.223	0.140
992	2	967	977	1222	1223	213	2.866	1.369	0.083	0.905
993	2	967	977	1224	1225	-213	2.944	1.555	0.013	1.055
994	2	967	977	1385	1386	111	3.549	1.386	0.513	0.135
995	1	967	977	-1	-1	211	0.375	1.294	-0.378	0.140
996	2	967	977	1226	1227	-213	3.225	1.456	0.378	0.800
997	2	967	977	1228	1229	323	7.250	1.297	0.320	1.002
998	71	712	-1	1007	1020	2	6.903	-1.710	-2.497	0.330
999	71	711	-1	1007	1020	21	15.284	-1.790	-2.540	0.000
1000	71	718	-1	1007	1020	21	2.105	-1.984	-2.264	0.000
1001	71	717	-1	1007	1020	21	0.502	-3.042	-1.540	0.000
1002	71	750	-1	1007	1020	21	1.166	-2.964	0.791	0.321
1003	71	714	-1	1007	1020	21	2.224	-1.066	0.071	0.000
1004	71	715	-1	1007	1020	21	4.009	-1.266	-0.144	0.000
1005	71	709	-1	1007	1020	21	3.312	-1.157	-0.530	0.000
1006	71	695	-1	1007	1020	-1	44.029	-1.220	0.541	0.330
1007	2	998	1006	1230	1231	213	13.508	-1.779	-2.533	0.818
1008	2	998	1006	1232	1233	1114	8.463	-1.808	-2.446	1.227
1009	1	998	1006	-1	-1	211	0.681	-1.704	-2.655	0.140
1010	1	998	1006	-1	-1	-2112	0.544	-2.907	-2.400	0.940
1011	2	998	1006	1234	1235	-213	0.284	-3.342	-2.819	0.843
1012	1	998	1006	-1	-1	321	0.896	-2.624	-1.747	0.494
1013	1	998	1006	-1	-1	-321	0.946	-1.472	1.130	0.494
1014	1	998	1006	-1	-1	211	0.749	-1.455	-0.479	0.140
1015	1	998	1006	-1	-1	-211	1.000	-2.178	-0.357	0.140
1016	1	998	1006	-1	-1	321	1.992	-1.466	0.097	0.494
1017	2	998	1006	1236	1236	-311	2.535	-1.084	-0.448	0.498
1018	2	998	1006	1387	1389	223	3.215	-1.260	0.105	0.778
1019	2	998	1006	1237	1238	-213	1.800	-1.308	-0.171	0.838
1020	1	998	1006	-1	-1	211	42.129	-1.216	0.550	0.140
1021	71	632	-1	1023	1037	1	0.372	-2.231	-2.611	0.330
1022	71	505	-1	1023	1037	2101	0.297	9.983	-1.907	0.579
1023	2	1021	1022	1390	1392	223	0.234	-2.295	0.885	0.782
1024	2	1021	1022	1239	1240	-213	0.557	1.309	-1.980	1.067
1025	1	1021	1022	-1	-1	211	0.259	3.079	-3.040	0.140
1026	1	1021	1022	-1	-1	-211	0.133	1.695	-0.717	0.140
1027	1	1021	1022	-1	-1	211	0.270	1.480	2.349	0.140
1028	2	1021	1022	1393	1394	111	0.296	1.346	0.666	0.135
1029	2	1021	1022	1395	1396	111	0.341	3.111	-0.451	0.135
1030	2	1021	1022	1241	1242	1114	0.663	4.634	2.241	1.275
1031	2	1021	1022	1243	1244	-2114	0.669	3.977	-1.633	1.265
1032	1	1021	1022	-1	-1	321	0.197	5.525	1.776	0.494
1033	1	1021	1022	-1	-1	-321	0.460	5.951	-0.284	0.494
1034	1	1021	1022	-1	-1	2212	0.256	7.164	-2.422	0.938
1035	1	1021	1022	-1	-1	-2212	0.312	8.106	-2.788	0.938
1036	1	1021	1022	-1	-1	211	0.491	8.134	-0.406	0.140
1037	1	1021	1022	-1	-1	2112	0.544	8.629	2.551	0.940
1038	71	556	-1	1041	1053	1	0.102	-6.883	0.035	0.330
1039	71	565	-1	1041	1053	21	2.042	4.570	-0.958	0.000
1040	71	534	-1	1041	1053	-1	0.350	4.987	-2.652	0.330
1041	2	1038	1040	1245	1246	-213	0.213	-5.746	2.675	0.782
1042	2	1038	1040	1247	1248	113	0.075	-5.216	-2.569	0.784
1043	1	1038	1040	-1	-1	321	0.372	-2.400	-2.351	0.494
1044	2	1038	1040	1249	1250	-313	0.773	-2.316	0.523	0.902
1045	2	1038	1040	1251	1252	1114	0.328	-2.243	-1.076	1.127
1046	2	1038	1040	1253	1254	-1114	0.236	-1.546	-2.682	1.222
1047	2	1038	1040	1397	1398	111	0.313	1.444	0.079	0.135
1048	2	1038	1040	1399	1401	223	0.867	-0.119	2.487	0.784
1049	2	1038	1040	1255	1256	113	0.590	3.320	-0.160	0.938
1050	1	1038	1040	-1	-1	-211	0.379	3.224	-1.992	0.140
1051	1	1038	1040	-1	-1	211	0.623	2.753	-1.328	0.140
1052	2	1038	1040	1402	1404	221	0.571	4.773	-0.218	0.548
1053	2	1038	1040	1405	1407	223	1.005	4.945	-1.462	0.790
1054	71	627	-1	1069	1098	2	0.648	4.518	1.830	0.330
1055	71	736	-1	1069	1098	21	1.664	1.144	1.713	0.595
1056	71	619	-1	1069	1098	21	0.207	1.219	-2.533	0.000
1057	71	732	-1	1069	1098	21	1.225	-0.400	-2.554	0.190
1058	71	622	-1	1069	1098	21	0.459	-2.535	-1.898	0.000
1059	71	733	-1	1069	1098	21	0.986	-3.298	-1.072	0.296
1060	71	595	-1	1069	1098	21	2.331	-3.502	-2.072	0.000
1061	71	734	-1	1069	1098	21	0.998	-4.209	-2.239	0.352
1062	71	572	-1	1069	1098	21	0.781	-5.316	-1.923	0.000
1063	71	735	-1	1069	1098	21	1.221	-5.138	1.482	0.417
1064	71	573	-1	1069	1098	21	2.506	-5.862	2.672	0.000
1065	71	596	-1	1069	1098	21	0.590	-5.690	-3.001	0.000
1066	71	569	-1	1069	1098	21	2.092	-6.833	-2.809	0.000
1067	71	642	-1	1069	1098	21	1.005	-7.733	-2.110	0.000
1068	71	730	-1	1069	1098	-1	2.762	-5.279	-2.783	0.462
1069	1	1054	1068	-1	-1	211	0.546	3.745	0.133	0.140
1070	1	1054	1068	-1	-1	-211	1.143	2.260	2.515	0.140
1071	2	1054	1068	1408	1410	223	0.733	2.885	0.713	0.785
1072	1	1054	1068	-1	-1	211	0.381	1.965	-2.813	0.140
1073	2	1054	1068	1257	1258	113	0.254	3.486	0.766	0.399
1074	2	1054	1068	1411	1412	111	0.660	2.114	3.045	0.135
1075	2	1054	1068	1413	1414	111	0.856	-0.466	1.601	0.135
1076	2	1054	1068	1415	1416	221	0.456	0.701	-3.101	0.548
1077	2	1054	1068	1259	1260	-213	0.250	-2.509	0.319	0.731
1078	2	1054	1068	1261	1262	323	0.658	-1.162	-1.933	0.906
1079	1	1054	1068	-1	-1	-321	0.931	-2.544	-2.208	0.494
1080	2	1054	1068	1417	1419	223	1.409	-3.464	-1.957	0.737
1081	1	1054	1068	-1	-1	321	0.718	-4.780	-2.283	0.494
1082	1	1054	1068	-1	-1	-321	1.358	-3.764	-1.679	0.494
1083	2	1054	1068	1263	1264	113	0.424	-5.280	0.826	0.486
1084	2	1054	1068	1420	1421	111	0.115	-3.951	0.268	0.135
1085	2	1054	1068	1422	1423	111	0.815	-4.535	-2.697	0.135
1086	1	1054	1068	-1	-1	211	0.230	-6.644	1.144	0.140
1087	2	1054	1068	1265	1266	113	1.193	-5.941	-3.065	0.830
1088	1	1054	1068	-1	-1	-211	0.285	-4.339	2.705	0.140
1089	1	1054	1068	-1	-1	211	0.123	-5.686	-0.690	0.140
1090	1	1054	1068	-1	-1	-211	0.570	-5.460	-3.070	0.140
1091	2	1054	1068	1424	1425	221	1.438	-6.627	2.326	0.548
1092	2	1054	1068	1426	1427	331	1.403	-6.953	-2.405	0.958
1093	2	1054	1068	1267	1268	213	0.859	-6.374	-3.109	0.843
1094	1	1054	1068	-1	-1	-211	0.150	-8.223	-2.522	0.140
1095	2	1054	1068	1428	1430	223	0.781	-6.856	-3.041	0.774
1096	2	1054	1068	1431	1432	111	0.531	-5.687	-2.201	0.135
1097	2	1054	1068	1433	1434	111	0.275	-5.309	-0.854	0.135
1098	2	1054	1068	1269	1270	213	2.260	-5.606	-2.823	0.708
1099	71	516	-1	1103	1123	2	0.047	-10.956	-0.386	0.330
1100	71	515	-1	1103	1123	2	0.451	-3.652	1.275	0.330
1101	71	578	-1	1103	1123	21	3.999	-4.502	-0.867	0.000
1102	71	531	-1	1103	1123	1	3.147	5.199	0.779	0.330
1103	2	1099	1102	1435	1436	111	0.384	-3.975	1.111	0.135
1104	2	1099	1102	1437	1438	221	0.627	-7.929	-0.301	0.548
1105	2	1099	1102	1439	1440	221	0.640	-6.339	2.602	0.548
1106	2	1099	1102	1441	1442	111	0.206	-6.090	0.418	0.135
1107	1	1099	1102	-1	-1	211	0.122	-5.708	-1.709	0.140
1108	2	1099	1102	1271	1272	1114	0.196	-6.930	-2.483	1.097
1109	2	1099	1102	1273	1274	213	0.791	-4.220	1.328	0.970
1110	1	1099	1102	-1	-1	-2112	0.101	-6.955	0.624	0.940
1111	2	1099	1102	1275	1276	-213	0.339	-5.110	2.817	0.797
1112	2	1099	1102	1443	1445	223	2.149	5.157	0.975	0.782
1113	1	1099	1102	-1	-1	-211	0.908	5.130	0.332	0.140
1114	1	1099	1102	-1	-1	321	0.238	4.251	-0.320	0.494
1115	1	1099	1102	-1	-1	-321	0.400	3.858	1.357	0.494
1116	1	1099	1102	-1	-1	2212	0.393	2.520	-0.061	0.938
1117	1	1099	1102	-1	-1	-2212	0.574	0.174	3.054	0.938
1118	2	1099	1102	1446	1447	111	0.235	0.629	-0.003	0.135
1119	2	1099	1102	1277	1278	113	0.582	-1.206	-2.680	0.737
1120	2	1099	1102	1279	1280	113	0.861	-2.733	-0.564	0.820
1121	2	1099	1102	1448	1450	223	0.202	-4.928	2.744	0.791
1122	1	1099	1102	-1	-1	2212	0.244	-5.215	-0.125	0.938
1123	1	1099	1102	-1	-1	211	4.035	-4.338	-1.017	0.140
1124	1	763	-1	-1	-1	130	0.445	-2.861	0.942	0.498
1125	1	773	-1	-1	-1	211	0.679	4.753	0.513	0.140
1126	2	773	-1	1451	1452	111	0.653	5.221	2.826	0.135
1127	1	775	-1	-1	-1	211	0.768	4.066	1.218	0.140
1128	1	775	-1	-1	-1	-211	0.952	4.223	2.538	0.140
1129	1	777	-1	-1	-1	211	0.985	3.821	2.430	0.140
1130	2	777	-1	1453	1454	111	0.523	3.905	1.391	0.135
1131	2	780	-1	1281	1281	-311	1.422	2.957	1.341	0.498
1132	1	780	-1	-1	-1	-211	0.259	3.675	2.179	0.140
1133	1	790	-1	-1	-1	211	0.623	-4.936	-2.292	0.140
1134	2	790	-1	1455	1456	111	0.052	-7.853	2.629	0.135
1135	1	793	-1	-1	-1	211	0.587	-3.982	1.428	0.140
1136	2	793	-1	1457	1458	111	0.871	-4.770	-2.696	0.135
1137	1	794	-1	-1	-1	2112	0.642	-3.667	0.544	0.940
1138	1	794	-1	-1	-1	-211	0.122	-4.408	1.071	0.140
1139	1	795	-1	-1	-1	-2112	3.164	-2.978	0.879	0.940
1140	1	795	-1	-1	-1	211	0.753	-2.978	0.467	0.140
1141	1	806	-1	-1	-1	130	5.614	1.355	-0.070	0.498
1142	1	807	-1	-1	-1	-211	0.106	1.013	-0.992	0.140
1143	2	807	-1	1459	1460	111	3.005	1.042	0.256	0.135
1144	1	809	-1	-1	-1	-321	2.466	1.229	0.813	0.494
1145	1	809	-1	-1	-1	211	0.471	1.736	1.108	0.140
1146	1	812	-1	-1	-1	211	2.353	1.408	1.071	0.140
1147	2	812	-1	1461	1462	111	0.802	1.888	1.583	0.135
1148	1	814	-1	-1	-1	211	0.123	2.395	-2.732	0.140
1149	1	814	-1	-1	-1	-211	1.048	1.640	1.278	0.140
1150	1	815	-1	-1	-1	-211	1.063	1.859	0.917	0.140
1151	2	815	-1	1463	1464	111	0.409	1.295	2.140	0.135
1152	1	832	-1	-1	-1	211	1.045	-2.118	-1.607	0.140
1153	1	832	-1	-1	-1	-211	0.082	-1.811	2.405	0.140
1154	1	835	-1	-1	-1	-211	1.521	-1.629	-0.966	0.140
1155	2	835	-1	1465	1466	111	0.423	-1.992	0.711	0.135
1156	1	836	-1	-1	-1	211	0.726	-1.500	-0.212	0.140
1157	2	836	-1	1467	1468	111	1.221	-1.109	-0.253	0.135
1158	1	837	-1	-1	-1	-211	1.376	-0.772	-0.832	0.140
1159	2	837	-1	1469	1470	111	0.357	-0.916	-2.018	0.135
1160	1	839	-1	-1	-1	-211	0.111	1.895	-1.780	0.140
1161	2	839	-1	1471	1472	111	0.622	-0.688	-0.996	0.135
1162	1	840	-1	-1	-1	211	0.133	0.107	-1.544	0.140
1163	1	840	-1	-1	-1	-211	1.413	1.015	0.915	0.140
1164	1	850	-1	-1	-1	2112	3.375	-2.524	0.221	0.940
1165	2	850	-1	1473	1474	111	0.987	-2.231	0.163	0.135
1166	1	851	-1	-1	-1	-2112	2.116	-2.888	0.660	0.940
1167	1	851	-1	-1	-1	211	0.522	-2.987	0.409	0.140
1168	1	858	-1	-1	-1	130	0.223	-5.852	1.126	0.498
1169	1	859	-1	-1	-1	-321	0.148	-5.089	0.506	0.494
1170	1	859	-1	-1	-1	211	0.591	-3.181	0.373	0.140
1171	1	868	-1	-1	-1	-211	2.674	-0.253	-2.516	0.140
1172	2	868	-1	1475	1476	111	4.994	-0.070	-2.536	0.135
1173	1	869	-1	-1	-1	211	5.987	-0.217	-2.392	0.140
1174	2	869	-1	1477	1478	111	4.365	-0.290	-2.542	0.135
1175	2	873	-1	1282	1282	311	4.566	-0.050	-2.512	0.498
1176	1	873	-1	-1	-1	211	0.302	0.231	3.111	0.140
1177	1	874	-1	-1	-1	-321	2.563	-0.091	-2.708	0.494
1178	1	874	-1	-1	-1	211	0.856	0.260	-2.848	0.140
1179	2	875	-1	1479	1480	310	0.530	-0.052	-2.818	0.498
1180	1	894	-1	-1	-1	211	2.928	-0.177	-2.765	0.140
1181	2	894	-1	1481	1482	111	0.270	0.392	-3.133	0.135
1182	1	895	-1	-1	-1	-211	0.559	-0.388	2.341	0.140
1183	2	895	-1	1483	1484	111	2.641	-0.253	2.955	0.135
1184	1	896	-1	-1	-1	211	3.034	-0.204	2.982	0.140
1185	2	896	-1	1485	1486	111	0.142	1.027	-1.450	0.135
1186	1	897	-1	-1	-1	-211	0.753	-0.240	-2.919	0.140
1187	2	897	-1	1487	1488	111	4.059	-0.279	2.980	0.135
1188	1	901	-1	-1	-1	211	2.118	-0.464	2.788	0.140
1189	2	901	-1	1489	1490	111	0.455	0.212	2.837	0.135
1190	1	903	-1	-1	-1	321	0.560	-0.541	2.282	0.494
1191	1	903	-1	-1	-1	-211	0.606	-0.708	-2.603	0.140
1192	2	915	-1	1491	1492	310	0.422	7.049	2.807	0.498
1193	1	916	-1	-1	-1	-321	0.493	5.827	2.150	0.494
1194	1	916	-1	-1	-1	211	0.324	6.175	-2.884	0.140
1195	1	917	-1	-1	-1	211	0.299	6.367	2.779	0.140
1196	1	917	-1	-1	-1	-211	0.794	5.759	-0.990	0.140
1197	1	918	-1	-1	-1	130	0.340	6.964	-2.394	0.498
1198	2	919	-1	1493	1494	310	0.165	6.691	2.059	0.498
1199	1	923	-1	-1	-1	211	0.334	4.382	-2.070	0.140
1200	1	923	-1	-1	-1	-211	1.117	3.458	1.876	0.140
1201	1	926	-1	-1	-1	211	0.446	2.462	-2.900	0.140
1202	1	926	-1	-1	-1	-211	3.291	2.804	3.130	0.140
1203	1	942	-1	-1	-1	211	0.362	-0.171	-0.142	0.140
1204	1	942	-1	-1	-1	-211	0.829	-0.036	1.685	0.140
1205	1	948	-1	-1	-1	-211	1.052	0.451	-1.216	0.140
1206	2	948	-1	1495	1496	111	0.367	0.136	-0.018	0.135
1207	1	951	-1	-1	-1	-211	0.199	0.301	-3.079	0.140
1208	2	951	-1	1497	1498	111	0.843	2.086	-2.149	0.135
1209	1	956	-1	-1	-1	321	0.833	3.757	2.804	0.494
1210	1	956	-1	-1	-1	-211	0.032	3.049	1.517	0.140
1211	2	957	-1	1283	1283	-311	0.373	2.745	-0.737	0.498
1212	1	957	-1	-1	-1	-211	0.151	4.566	0.109	0.140
1213	1	959	-1	-1	-1	130	0.747	2.873	-2.219	0.498
1214	1	978	-1	-1	-1	211	1.289	3.566	2.764	0.140
1215	1	978	-1	-1	-1	-211	0.692	3.676	-2.614	0.140
1216	1	979	-1	-1	-1	211	0.881	2.592	-2.774	0.140
1217	2	979	-1	1499	1500	111	0.808	3.122	2.500	0.135
1218	1	980	-1	-1	-1	130	2.549	3.324	-2.729	0.498
1219	1	981	-1	-1	-1	130	2.704	3.209	-2.658	0.498
1220	1	986	-1	-1	-1	-211	1.420	1.836	-0.098	0.140
1221	2	986	-1	1501	1502	111	1.554	1.538	-0.461	0.135
1222	1	992	-1	-1	-1	211	1.696	1.488	0.278	0.140
1223	2	992	-1	1503	1504	111	1.246	1.119	-0.185	0.135
1224	1	993	-1	-1	-1	-211	0.612	2.142	-0.091	0.140
1225	2	993	-1	1505	1506	111	2.336	1.326	0.041	0.135
1226	1	996	-1	-1	-1	-211	1.321	1.552	0.632	0.140
1227	2	996	-1	1507	1508	111	1.975	1.352	0.209	0.135
1228	1	997	-1	-1	-1	321	3.256	1.201	0.339	0.494
1229	2	997	-1	1509	1510	111	3.995	1.370	0.305	0.135
1230	1	1007	-1	-1	-1	211	10.719	-1.759	-2.555	0.140
1231	2	1007	-1	1511	1512	111	2.801	-1.847	-2.450	0.135
1232	1	1008	-1	-1	-1	2112	6.516	-1.822	-2.477	0.940
1233	1	1008	-1	-1	-1	-211	1.960	-1.754	-2.344	0.140
1234	1	1011	-1	-1	-1	-211	0.268	-1.959	-0.112	0.140
1235	2	1011	-1	1513	1514	111	0.539	-2.443	-3.030	0.135
1236	1	1017	-1	-1	-1	130	2.535	-1.084	-0.448	0.498
1237	1	1019	-1	-1	-1	-211	0.136	-2.163	-1.301	0.140
1238	2	1019	-1	1515	1516	111	1.746	-1.157	-0.101	0.135
1239	1	1024	-1	-1	-1	-211	0.453	0.995	2.797	0.140
1240	2	1024	-1	1517	1518	111	0.694	0.580	-1.271	0.135
1241	1	1030	-1	-1	-1	2112	0.574	4.473	1.769	0.940
1242	1	1030	-1	-1	-1	-211	0.302	4.086	-2.998	0.140
1243	1	1031	-1	-1	-1	-2112	0.410	4.331	-1.917	0.940
1244	2	1031	-1	1519	1520	111	0.298	2.721	-1.236	0.135
1245	1	1041	-1	-1	-1	-211	0.464	-4.628	2.312	0.140
1246	2	1041	-1	1521	1522	111	0.276	-4.241	-1.107	0.135
1247	1	1042	-1	-1	-1	211	0.393	-2.837	-1.862	0.140
1248	1	1042	-1	-1	-1	-211	0.339	-3.056	1.424	0.140
1249	2	1044	-1	1284	1284	-311	0.605	-1.799	0.392	0.498
1250	2	1044	-1	1523	1524	111	0.191	-3.096	0.949	0.135
1251	1	1045	-1	-1	-1	2112	0.206	-2.380	-1.045	0.940
1252	1	1045	-1	-1	-1	-211	0.122	-1.957	-1.126	0.140
1253	1	1046	-1	-1	-1	-2112	0.315	-1.424	-2.583	0.940
1254	1	1046	-1	-1	-1	211	0.084	0.921	0.839	0.140
1255	1	1049	-1	-1	-1	211	0.315	3.074	-1.954	0.140
1256	1	1049	-1	-1	-1	-211	0.728	2.574	0.276	0.140
1257	1	1073	-1	-1	-1	211	0.283	2.892	0.546	0.140
1258	1	1073	-1	-1	-1	-211	0.066	3.885	2.686	0.140
1259	1	1077	-1	-1	-1	-211	0.231	-0.811	1.937	0.140
1260	2	1077	-1	1525	1526	111	0.348	-2.041	-0.404	0.135
1261	2	1078	-1	1285	1285	311	0.395	-1.590	-1.599	0.498
1262	1	1078	-1	-1	-1	211	0.313	-0.068	-2.359	0.140
1263	1	1083	-1	-1	-1	211	0.066	-5.524	3.042	0.140
1264	1	1083	-1	-1	-1	-211	0.466	-4.964	0.713	0.140
1265	1	1087	-1	-1	-1	211	1.046	-5.961	3.017	0.140
1266	1	1087	-1	-1	-1	-211	0.268	-5.185	-2.171	0.140
1267	1	1093	-1	-1	-1	211	0.257	-6.501	-1.609	0.140
1268	2	1093	-1	1527	1528	111	0.879	-5.936	2.879	0.135
1269	1	1098	-1	-1	-1	211	2.160	-5.555	-2.875	0.140
1270	2	1098	-1	1529	1530	111	0.152	-5.907	-1.995	0.135
1271	1	1108	-1	-1	-1	2112	0.142	-7.138	-2.185	0.940
1272	1	1108	-1	-1	-1	-211	0.073	-5.692	-3.087	0.140
1273	1	1109	-1	-1	-1	211	0.411	-4.484	2.243	0.140
1274	2	1109	-1	1531	1532	111	0.631	-3.316	0.784	0.135
1275	1	1111	-1	-1	-1	-211	0.518	-4.287	-2.897	0.140
1276	2	1111	-1	1533	1534	111	0.295	-4.141	0.911	0.135
1277	1	1119	-1	-1	-1	211	0.635	-0.537	-2.654	0.140
1278	1	1119	-1	-1	-1	-211	0.055	-2.956	0.764	0.140
1279	1	1120	-1	-1	-1	211	0.222	-3.423	0.498	0.140
1280	1	1120	-1	-1	-1	-211	0.778	-2.120	-0.816	0.140
1281	2	1131	-1	1535	1536	310	1.422	2.957	1.341	0.498
1282	2	1175	-1	1537	1538	310	4.566	-0.050	-2.512	0.498
1283	1	1211	-1	-1	-1	130	0.373	2.745	-0.737	0.498
1284	2	1249	-1	1539	1540	310	0.605	-1.799	0.392	0.498
1285	2	1261	-1	1541	1542	310	0.395	-1.590	-1.599	0.498
1286	1	758	-1	-1	-1	22	1.105	-0.473	-2.452	0.000
1287	1	758	-1	-1	-1	22	1.228	-0.358	-2.440	0.000
1288	1	760	-1	-1	-1	22	2.249	-0.815	-2.241	0.000
1289	1	760	-1	-1	-1	22	0.841	-0.741	-2.176	0.000
1290	1	761	-1	-1	-1	211	0.822	-1.656	-1.983	0.140
1291	1	761	-1	-1	-1	-211	2.973	-1.742	-1.872	0.140
1292	2	761	-1	1543	1544	111	3.063	-1.818	-1.781	0.135
1293	1	771	-1	-1	-1	22	0.101	4.094	-1.545	0.000
1294	1	771	-1	-1	-1	22	0.048	5.308	0.078	0.000
1295	1	772	-1	-1	-1	211	0.236	3.853	-1.780	0.140
1296	1	772	-1	-1	-1	-211	0.108	4.440	-0.088	0.140
1297	2	772	-1	1545	1546	111	0.220	5.148	3.126	0.135
1298	1	776	-1	-1	-1	22	0.323	4.460	2.722	0.000
1299	1	776	-1	-1	-1	22	0.107	4.093	2.086	0.000
1300	1	789	-1	-1	-1	22	0.357	-5.909	2.686	0.000
1301	1	789	-1	-1	-1	22	0.272	-5.484	2.745	0.000
1302	1	791	-1	-1	-1	211	0.235	-5.913	2.767	0.140
1303	1	791	-1	-1	-1	-211	0.391	-5.758	-2.928	0.140
1304	2	791	-1	1547	1548	111	0.129	-6.721	-0.082	0.135
1305	1	796	-1	-1	-1	22	0.079	-1.838	-0.294	0.000
1306	1	796	-1	-1	-1	22	0.179	-2.417	0.720	0.000
1307	1	811	-1	-1	-1	22	0.067	1.654	1.294	0.000
1308	1	811	-1	-1	-1	22	0.334	1.153	0.531	0.000
1309	1	813	-1	-1	-1	22	0.610	1.939	1.266	0.000
1310	1	813	-1	-1	-1	22	3.006	1.840	1.253	0.000
1311	2	818	-1	1549	1550	-3122	0.789	1.277	-2.960	1.116
1312	1	818	-1	-1	-1	22	0.030	2.097	-0.854	0.000
1313	1	830	-1	-1	-1	211	0.257	-0.710	-1.050	0.140
1314	1	830	-1	-1	-1	-211	0.379	-0.718	-1.498	0.140
1315	2	830	-1	1551	1552	111	0.411	-1.242	-1.316	0.135
1316	1	831	-1	-1	-1	22	0.830	-1.934	-1.206	0.000
1317	1	831	-1	-1	-1	22	0.964	-2.083	-1.228	0.000
1318	1	834	-1	-1	-1	211	0.253	-2.174	-1.680	0.140
1319	1	834	-1	-1	-1	-211	0.394	-1.660	-1.103	0.140
1320	2	834	-1	1553	1554	221	0.718	-2.210	-1.029	0.548
1321	2	854	-1	1555	1556	3122	2.212	-4.480	1.189	1.116
1322	1	854	-1	-1	-1	22	0.232	-4.621	1.371	0.000
1323	1	855	-1	-1	-1	-2112	0.400	-5.206	0.834	0.940
1324	1	855	-1	-1	-1	-211	0.358	-4.477	0.612	0.140
1325	1	857	-1	-1	-1	22	0.317	-4.033	0.276	0.000
1326	1	857	-1	-1	-1	22	0.088	-3.386	-0.201	0.000
1327	2	860	-1	1557	1558	111	0.059	-3.819	1.671	0.135
1328	2	860	-1	1559	1560	111	0.233	-3.617	0.730	0.135
1329	2	860	-1	1561	1562	111	0.223	-4.157	1.067	0.135
1330	1	862	-1	-1	-1	211	0.683	-3.118	1.831	0.140
1331	1	862	-1	-1	-1	-211	2.129	-3.440	1.964	0.140
1332	2	862	-1	1563	1564	111	1.287	-3.185	1.946	0.135
1333	1	871	-1	-1	-1	211	0.741	-0.148	-2.674	0.140
1334	1	871	-1	-1	-1	-211	5.083	-0.212	-2.509	0.140
1335	2	871	-1	1565	1566	111	4.187	-0.148	-2.535	0.135
1336	1	872	-1	-1	-1	22	0.267	-0.226	-2.140	0.000
1337	1	872	-1	-1	-1	22	1.499	-0.214	-2.354	0.000
1338	2	879	-1	1567	1569	521	35.770	0.598	-2.889	5.279
1339	1	879	-1	-1	-1	22	0.417	0.596	-2.784	0.000
1340	2	892	-1	1570	1571	-423	9.611	-0.094	-3.103	2.007
1341	2	892	-1	1572	1573	413	10.644	-0.157	-3.118	2.010
1342	1	892	-1	-1	-1	-321	11.156	-0.085	-3.039	0.494
1343	1	899	-1	-1	-1	211	1.148	-0.316	2.934	0.140
1344	1	899	-1	-1	-1	-211	2.902	-0.286	2.787	0.140
1345	2	899	-1	1574	1575	111	0.496	-0.363	2.475	0.135
1346	1	902	-1	-1	-1	211	0.397	-0.668	-2.582	0.140
1347	1	902	-1	-1	-1	-211	0.481	-0.682	2.462	0.140
1348	2	902	-1	1576	1577	111	0.083	-1.999	2.643	0.135
1349	1	905	-1	-1	-1	22	1.110	-2.035	-1.644	0.000
1350	1	905	-1	-1	-1	22	0.630	-1.950	-1.507	0.000
1351	1	906	-1	-1	-1	22	1.061	-1.750	-1.566	0.000
1352	1	906	-1	-1	-1	22	1.248	-1.635	-1.586	0.000
1353	2	924	-1	1578	1579	111	0.269	3.291	-2.958	0.135
1354	2	924	-1	1580	1581	111	0.375	3.272	-2.854	0.135
1355	2	924	-1	1582	1583	111	0.110	3.463	2.117	0.135
1356	1	925	-1	-1	-1	22	0.341	2.756	-3.072	0.000
1357	1	925	-1	-1	-1	22	4.206	2.663	-3.135	0.000
1358	1	944	-1	-1	-1	22	0.199	-0.050	-0.234	0.000
1359	1	944	-1	-1	-1	22	0.429	-0.503	-0.305	0.000
1360	1	946	-1	-1	-1	211	0.156	-0.974	-1.261	0.140
1361	1	946	-1	-1	-1	-211	0.138	0.826	2.466	0.140
1362	2	946	-1	1584	1585	111	0.271	-0.216	-0.234	0.135
1363	1	947	-1	-1	-1	22	0.423	0.305	2.621	0.000
1364	1	947	-1	-1	-1	22	0.015	1.794	3.017	0.000
1365	2	950	-1	1586	1587	111	0.326	1.285	1.701	0.135
1366	2	950	-1	1588	1589	111	0.116	1.840	2.857	0.135
1367	2	950	-1	1590	1591	111	0.274	0.975	2.243	0.135
1368	1	952	-1	-1	-1	22	0.063	2.215	1.064	0.000
1369	1	952	-1	-1	-1	11	0.213	2.394	0.034	0.001
1370	1	952	-1	-1	-1	-11	0.086	2.451	0.162	0.001
1371	1	961	-1	-1	-1	22	0.454	2.248	-0.751	0.000
1372	1	961	-1	-1	-1	22	0.106	2.074	-1.350	0.000
1373	1	962	-1	-1	-1	22	0.060	1.804	-3.073	0.000
1374	1	962	-1	-1	-1	22	0.068	0.466	1.442	0.000
1375	1	965	-1	-1	-1	211	0.043	3.404	0.254	0.140
1376	1	965	-1	-1	-1	-211	0.220	4.288	1.222	0.140
1377	2	965	-1	1592	1593	111	0.316	3.849	0.783	0.135
1378	1	982	-1	-1	-1	22	0.740	3.011	-2.315	0.000
1379	1	982	-1	-1	-1	22	0.920	3.159	-2.246	0.000
1380	1	985	-1	-1	-1	211	0.259	1.710	0.337	0.140
1381	1	985	-1	-1	-1	-211	0.195	2.760	-1.736	0.140
1382	2	985	-1	1594	1595	111	0.120	3.038	1.665	0.135
1383	1	987	-1	-1	-1	22	0.267	1.302	0.543	0.000
1384	1	987	-1	-1	-1	22	0.156	0.970	-0.036	0.000
1385	1	994	-1	-1	-1	22	0.462	1.295	0.553	0.000
1386	1	994	-1	-1	-1	22	3.088	1.398	0.507	0.000
1387	1	1018	-1	-1	-1	211	0.860	-1.138	-0.135	0.140
1388	1	1018	-1	-1	-1	-211	0.254	-1.469	0.171	0.140
1389	2	1018	-1	1596	1597	111	2.135	-1.266	0.193	0.135
1390	1	1023	-1	-1	-1	211	0.083	-2.683	-2.001	0.140
1391	1	1023	-1	-1	-1	-211	0.306	-0.858	0.365	0.140
1392	2	1023	-1	1598	1599	111	0.180	-1.119	2.181	0.135
1393	1	1028	-1	-1	-1	22	0.180	1.532	0.411	0.000
1394	1	1028	-1	-1	-1	22	0.130	0.899	1.022	0.000
1395	1	1029	-1	-1	-1	22	0.114	2.613	-0.102	0.000
1396	1	1029	-1	-1	-1	22	0.238	3.247	-0.616	0.000
1397	1	1047	-1	-1	-1	22	0.102	1.697	0.612	0.000
1398	1	1047	-1	-1	-1	22	0.231	1.222	-0.145	0.000
1399	1	1048	-1	-1	-1	211	0.440	-0.230	2.705	0.140
1400	1	1048	-1	-1	-1	-211	0.126	-1.035	-2.899	0.140
1401	2	1048	-1	1600	1601	111	0.408	0.369	1.991	0.135
1402	1	1052	-1	-1	-1	211	0.127	4.424	-0.608	0.140
1403	1	1052	-1	-1	-1	-211	0.387	4.797	-0.079	0.140
1404	2	1052	-1	1602	1603	111	0.071	4.959	-0.294	0.135
1405	1	1053	-1	-1	-1	211	0.208	5.044	-2.492	0.140
1406	1	1053	-1	-1	-1	-211	0.619	4.776	-1.534	0.140
1407	2	1053	-1	1604	1605	111	0.359	4.593	-0.789	0.135
1408	1	1071	-1	-1	-1	211	0.298	3.007	-0.104	0.140
1409	1	1071	-1	-1	-1	-211	0.360	2.322	0.668	0.140
1410	2	1071	-1	1606	1607	111	0.288	2.487	1.654	0.135
1411	1	1074	-1	-1	-1	22	0.649	2.098	3.011	0.000
1412	1	1074	-1	-1	-1	22	0.025	2.001	-2.153	0.000
1413	1	1075	-1	-1	-1	22	0.304	-0.254	1.642	0.000
1414	1	1075	-1	-1	-1	22	0.553	-0.575	1.578	0.000
1415	1	1076	-1	-1	-1	22	0.247	1.303	-2.474	0.000
1416	1	1076	-1	-1	-1	22	0.294	-0.254	2.665	0.000
1417	1	1080	-1	-1	-1	211	0.064	-3.938	-2.583	0.140
1418	1	1080	-1	-1	-1	-211	0.770	-3.189	-2.028	0.140
1419	2	1080	-1	1608	1609	111	0.596	-3.655	-1.803	0.135
1420	1	1084	-1	-1	-1	22	0.104	-3.876	0.764	0.000
1421	1	1084	-1	-1	-1	22	0.055	-2.874	-0.857	0.000
1422	1	1085	-1	-1	-1	22	0.103	-4.692	-2.295	0.000
1423	1	1085	-1	-1	-1	22	0.721	-4.497	-2.754	0.000
1424	1	1091	-1	-1	-1	22	1.287	-6.688	2.393	0.000
1425	1	1091	-1	-1	-1	22	0.176	-5.725	1.818	0.000
1426	2	1092	-1	1610	1612	223	1.446	-6.882	-2.388	0.787
1427	1	1092	-1	-1	-1	22	0.050	-7.039	1.260	0.000
1428	1	1095	-1	-1	-1	211	0.364	-6.945	-2.772	0.140
1429	1	1095	-1	-1	-1	-211	0.287	-6.927	2.617	0.140
1430	2	1095	-1	1613	1614	111	0.209	-5.820	-2.692	0.135
1431	1	1096	-1	-1	-1	22	0.022	-4.650	-1.568	0.000
1432	1	1096	-1	-1	-1	22	0.513	-5.705	-2.226	0.000
1433	1	1097	-1	-1	-1	22	0.190	-4.904	-1.004	0.000
1434	1	1097	-1	-1	-1	22	0.093	-5.786	-0.542	0.000
1435	1	1103	-1	-1	-1	22	0.052	-3.183	1.562	0.000
1436	1	1103	-1	-1	-1	22	0.338	-4.040	1.045	0.000
1437	1	1104	-1	-1	-1	22	0.174	-8.087	1.185	0.000
1438	1	1104	-1	-1	-1	22	0.637	-7.521	-0.577	0.000
1439	1	1105	-1	-1	-1	22	0.121	-7.380	1.800	0.000
1440	1	1105	-1	-1	-1	22	0.563	-5.700	2.758	0.000
1441	1	1106	-1	-1	-1	22	0.105	-5.331	0.611	0.000
1442	1	1106	-1	-1	-1	22	0.105	-6.493	0.226	0.000
1443	1	1112	-1	-1	-1	211	1.498	5.176	1.057	0.140
1444	1	1112	-1	-1	-1	-211	0.368	4.877	0.452	0.140
1445	2	1112	-1	1615	1616	111	0.343	5.162	1.154	0.135
1446	1	1118	-1	-1	-1	22	0.112	0.881	0.511	0.000
1447	1	1118	-1	-1	-1	22	0.148	0.302	-0.387	0.000
1448	1	1121	-1	-1	-1	211	0.140	-4.809	2.675	0.140
1449	1	1121	-1	-1	-1	-211	0.133	-2.768	1.603	0.140
1450	2	1121	-1	1617	1618	111	0.131	-4.180	-2.017	0.135
1451	1	1126	-1	-1	-1	22	0.539	5.173	2.733	0.000
1452	1	1126	-1	-1	-1	22	0.126	5.316	-3.048	0.000
1453	1	1130	-1	-1	-1	22	0.325	3.731	1.536	0.000
1454	1	1130	-1	-1	-1	22	0.207	4.094	1.162	0.000
1455	1	1134	-1	-1	-1	22	0.043	-6.268	-0.032	0.000
1456	1	1134	-1	-1	-1	22	0.092	-7.090	2.847	0.000
1457	1	1136	-1	-1	-1	22	0.662	-4.840	-2.726	0.000
1458	1	1136	-1	-1	-1	22	0.210	-4.502	-2.600	0.000
1459	1	1143	-1	-1	-1	22	0.248	0.983	0.394	0.000
1460	1	1143	-1	-1	-1	22	2.759	1.047	0.244	0.000
1461	1	1147	-1	-1	-1	22	0.549	1.911	1.474	0.000
1462	1	1147	-1	-1	-1	22	0.263	1.798	1.812	0.000
1463	1	1151	-1	-1	-1	22	0.225	1.535	2.067	0.000
1464	1	1151	-1	-1	-1	22	0.185	0.904	2.230	0.000
1465	1	1155	-1	-1	-1	22	0.238	-2.163	0.889	0.000
1466	1	1155	-1	-1	-1	22	0.193	-1.678	0.491	0.000
1467	1	1157	-1	-1	-1	22	0.560	-1.193	-0.334	0.000
1468	1	1157	-1	-1	-1	22	0.664	-1.029	-0.185	0.000
1469	1	1159	-1	-1	-1	22	0.156	-0.793	-1.588	0.000
1470	1	1159	-1	-1	-1	22	0.224	-0.921	-2.313	0.000
1471	1	1161	-1	-1	-1	22	0.310	-0.603	-1.203	0.000
1472	1	1161	-1	-1	-1	22	0.326	-0.742	-0.799	0.000
1473	1	1165	-1	-1	-1	22	0.697	-2.173	0.238	0.000
1474	1	1165	-1	-1	-1	22	0.297	-2.335	-0.012	0.000
1475	1	1172	-1	-1	-1	22	1.179	-0.061	-2.488	0.000
1476	1	1172	-1	-1	-1	22	3.817	-0.073	-2.550	0.000
1477	1	1174	-1	-1	-1	22	2.935	-0.310	-2.536	0.000
1478	1	1174	-1	-1	-1	22	1.430	-0.247	-2.554	0.000
1479	2	1179	-1	1619	1620	111	0.024	2.324	-2.939	0.135
1480	2	1179	-1	1621	1622	111	0.506	-0.290	-2.812	0.135
1481	1	1181	-1	-1	-1	22	0.118	0.867	-2.948	0.000
1482	1	1181	-1	-1	-1	22	0.155	-0.046	3.010	0.000
1483	1	1183	-1	-1	-1	22	0.827	-0.183	2.983	0.000
1484	1	1183	-1	-1	-1	22	1.815	-0.285	2.942	0.000
1485	1	1185	-1	-1	-1	22	0.043	1.874	-2.148	0.000
1486	1	1185	-1	-1	-1	22	0.113	0.321	-1.204	0.000
1487	1	1187	-1	-1	-1	22	2.354	-0.283	2.952	0.000
1488	1	1187	-1	-1	-1	22	1.707	-0.274	3.019	0.000
1489	1	1189	-1	-1	-1	22	0.038	0.333	1.819	0.000
1490	1	1189	-1	-1	-1	22	0.436	0.192	2.911	0.000
1491	1	1192	-1	-1	-1	211	0.341	6.578	2.197	0.140
1492	1	1192	-1	-1	-1	-211	0.241	6.905	-2.537	0.140
1493	1	1198	-1	-1	-1	211	0.225	5.686	-3.070	0.140
1494	1	1198	-1	-1	-1	-211	0.219	5.719	0.833	0.140
1495	1	1206	-1	-1	-1	22	0.014	-1.358	0.717	0.000
1496	1	1206	-1	-1	-1	22	0.357	0.211	-0.045	0.000
1497	1	1208	-1	-1	-1	22	0.722	2.029	-2.199	0.000
1498	1	1208	-1	-1	-1	22	0.127	2.325	-1.865	0.000
1499	1	1217	-1	-1	-1	22	0.343	3.301	2.483	0.000
1500	1	1217	-1	-1	-1	22	0.465	2.966	2.513	0.000
1501	1	1221	-1	-1	-1	22	0.226	1.731	-0.386	0.000
1502	1	1221	-1	-1	-1	22	1.329	1.501	-0.474	0.000
1503	1	1223	-1	-1	-1	22	0.980	1.061	-0.204	0.000
1504	1	1223	-1	-1	-1	22	0.267	1.308	-0.113	0.000
1505	1	1225	-1	-1	-1	22	1.299	1.342	0.089	0.000
1506	1	1225	-1	-1	-1	22	1.040	1.303	-0.020	0.000
1507	1	1227	-1	-1	-1	22	0.259	1.175	0.194	0.000
1508	1	1227	-1	-1	-1	22	1.716	1.376	0.211	0.000
1509	1	1229	-1	-1	-1	22	0.466	1.326	0.223	0.000
1510	1	1229	-1	-1	-1	22	3.531	1.375	0.316	0.000
1511	1	1231	-1	-1	-1	22	0.901	-1.878	-2.388	0.000
1512	1	1231	-1	-1	-1	22	1.902	-1.831	-2.480	0.000
1513	1	1235	-1	-1	-1	22	0.049	-1.702	-2.751	0.000
1514	1	1235	-1	-1	-1	22	0.491	-2.491	-3.058	0.000
1515	1	1238	-1	-1	-1	22	0.669	-1.215	-0.024	0.000
1516	1	1238	-1	-1	-1	22	1.081	-1.117	-0.149	0.000
1517	1	1240	-1	-1	-1	22	0.618	0.552	-1.340	0.000
1518	1	1240	-1	-1	-1	22	0.089	0.696	-0.775	0.000
1519	1	1244	-1	-1	-1	22	0.107	2.244	-0.774	0.000
1520	1	1244	-1	-1	-1	22	0.208	2.830	-1.469	0.000
1521	1	1246	-1	-1	-1	22	0.233	-4.359	-1.110	0.000
1522	1	1246	-1	-1	-1	22	0.043	-3.091	-1.091	0.000
1523	1	1250	-1	-1	-1	22	0.019	-3.614	-2.072	0.000
1524	1	1250	-1	-1	-1	22	0.209	-2.823	0.960	0.000
1525	1	1260	-1	-1	-1	22	0.232	-1.816	-0.172	0.000
1526	1	1260	-1	-1	-1	22	0.134	-2.246	-0.815	0.000
1527	1	1268	-1	-1	-1	22	0.223	-5.676	2.960	0.000
1528	1	1268	-1	-1	-1	22	0.657	-6.010	2.851	0.000
1529	1	1270	-1	-1	-1	22	0.092	-6.013	-2.657	0.000
1530	1	1270	-1	-1	-1	22	0.098	-5.248	-1.383	0.000
1531	1	1274	-1	-1	-1	22	0.546	-3.208	0.777	0.000
1532	1	1274	-1	-1	-1	22	0.084	-3.824	0.834	0.000
1533	1	1276	-1	-1	-1	22	0.092	-4.671	0.751	0.000
1534	1	1276	-1	-1	-1	22	0.205	-3.750	0.982	0.000
1535	1	1281	-1	-1	-1	211	0.482	3.104	1.697	0.140
1536	1	1281	-1	-1	-1	-211	0.984	2.826	1.169	0.140
1537	2	1282	-1	1623	1624	111	2.831	-0.118	-2.530	0.135
1538	2	1282	-1	1625	1626	111	1.735	0.062	-2.483	0.135
1539	1	1284	-1	-1	-1	211	0.494	-1.879	0.560	0.140
1540	1	1284	-1	-1	-1	-211	0.144	-1.126	-0.218	0.140
1541	2	1285	-1	1627	1628	111	0.287	-1.572	-0.909	0.135
1542	2	1285	-1	1629	1630	111	0.252	-0.920	-2.411	0.135
1543	1	1292	-1	-1	-1	22	2.623	-1.834	-1.776	0.000
1544	1	1292	-1	-1	-1	22	0.441	-1.713	-1.810	0.000
1545	1	1297	-1	-1	-1	22	0.146	5.412	-3.062	0.000
1546	1	1297	-1	-1	-1	22	0.077	4.235	2.943	0.000
1547	1	1304	-1	-1	-1	22	0.031	-6.433	-2.561	0.000
1548	1	1304	-1	-1	-1	22	0.155	-6.336	0.043	0.000
1549	1	1311	-1	-1	-1	-2112	0.612	1.318	-2.812	0.940
1550	2	1311	-1	1631	1632	111	0.204	1.010	2.864	0.135
1551	1	1315	-1	-1	-1	22	0.237	-1.144	-1.033	0.000
1552	1	1315	-1	-1	-1	22	0.196	-1.265	-1.659	0.000
1553	1	1320	-1	-1	-1	22	0.115	-1.696	-3.125	0.000
1554	1	1320	-1	-1	-1	22	0.782	-2.031	-0.901	0.000
1555	1	1321	-1	-1	-1	2212	1.728	-4.530	1.168	0.938
1556	1	1321	-1	-1	-1	-211	0.485	-4.271	1.263	0.140
1557	1	1327	-1	-1	-1	22	0.033	-3.881	-1.783	0.000
1558	1	1327	-1	-1	-1	22	0.090	-2.500	1.560	0.000
1559	1	1328	-1	-1	-1	22	0.076	-3.257	-0.114	0.000
1560	1	1328	-1	-1	-1	22	0.191	-3.558	1.029	0.000
1561	1	1329	-1	-1	-1	22	0.058	-4.541	1.951	0.000
1562	1	1329	-1	-1	-1	22	0.192	-3.832	0.833	0.000
1563	1	1332	-1	-1	-1	22	1.059	-3.153	1.905	0.000
1564	1	1332	-1	-1	-1	22	0.233	-3.299	2.135	0.000
1565	1	1335	-1	-1	-1	22	2.371	-0.175	-2.527	0.000
1566	1	1335	-1	-1	-1	22	1.815	-0.112	-2.545	0.000
1567	1	1338	-1	-1	-1	14	16.906	0.520	-2.891	0.000
1568	1	1338	-1	-1	-1	-13	6.319	0.769	-2.897	0.106
1569	2	1338	-1	1633	1634	-425	12.546	0.611	-2.882	2.478
1570	2	1340	-1	1635	1637	-421	8.803	-0.080	-3.107	1.865
1571	1	1340	-1	-1	-1	22	0.809	-0.252	-3.064	0.000
1572	2	1341	-1	1638	1640	411	9.953	-0.160	-3.119	1.870
1573	2	1341	-1	1641	1642	111	0.692	-0.105	-3.105	0.135
1574	1	1345	-1	-1	-1	22	0.014	-0.859	-2.118	0.000
1575	1	1345	-1	-1	-1	22	0.498	-0.336	2.447	0.000
1576	1	1348	-1	-1	-1	22	0.116	-1.212	2.569	0.000
1577	1	1348	-1	-1	-1	22	0.034	-1.978	-0.750	0.000
1578	1	1353	-1	-1	-1	22	0.026	3.315	1.596	0.000
1579	1	1353	-1	-1	-1	22	0.274	3.166	-2.863	0.000
1580	1	1354	-1	-1	-1	22	0.280	3.393	-2.965	0.000
1581	1	1354	-1	-1	-1	22	0.101	2.723	-2.541	0.000
1582	1	1355	-1	-1	-1	22	0.115	3.374	2.372	0.000
1583	1	1355	-1	-1	-1	22	0.029	1.822	0.528	0.000
1584	1	1362	-1	-1	-1	22	0.084	0.316	0.292	0.000
1585	1	1362	-1	-1	-1	22	0.203	-0.412	-0.443	0.000
1586	1	1365	-1	-1	-1	22	0.173	1.580	1.823	0.000
1587	1	1365	-1	-1	-1	22	0.156	0.818	1.565	0.000
1588	1	1366	-1	-1	-1	22	0.029	2.385	0.782	0.000
1589	1	1366	-1	-1	-1	22	0.132	1.208	3.048	0.000
1590	1	1367	-1	-1	-1	22	0.203	1.034	2.521	0.000
1591	1	1367	-1	-1	-1	22	0.097	0.607	1.629	0.000
1592	1	1377	-1	-1	-1	22	0.320	3.831	0.757	0.000
1593	1	1377	-1	-1	-1	22	0.009	2.182	2.796	0.000
1594	1	1382	-1	-1	-1	22	0.051	2.677	0.127	0.000
1595	1	1382	-1	-1	-1	22	0.129	2.616	2.074	0.000
1596	1	1389	-1	-1	-1	22	0.878	-1.190	0.205	0.000
1597	1	1389	-1	-1	-1	22	1.257	-1.316	0.185	0.000
1598	1	1392	-1	-1	-1	22	0.137	-0.606	2.488	0.000
1599	1	1392	-1	-1	-1	22	0.064	-1.630	1.484	0.000
1600	1	1401	-1	-1	-1	22	0.394	0.431	1.989	0.000
1601	1	1401	-1	-1	-1	22	0.014	-1.192	2.050	0.000
1602	1	1404	-1	-1	-1	22	0.099	4.008	0.188	0.000
1603	1	1404	-1	-1	-1	22	0.049	4.554	-2.216	0.000
1604	1	1407	-1	-1	-1	22	0.137	4.468	-1.275	0.000
1605	1	1407	-1	-1	-1	22	0.246	4.560	-0.527	0.000
1606	1	1410	-1	-1	-1	22	0.258	2.208	1.671	0.000
1607	1	1410	-1	-1	-1	22	0.031	3.601	1.505	0.000
1608	1	1419	-1	-1	-1	22	0.372	-3.459	-1.845	0.000
1609	1	1419	-1	-1	-1	22	0.226	-3.908	-1.733	0.000
1610	1	1426	-1	-1	-1	211	0.202	-7.348	-1.972	0.140
1611	1	1426	-1	-1	-1	-211	0.520	-6.435	-2.789	0.140
1612	2	1426	-1	1643	1644	111	0.792	-6.882	-2.234	0.135
1613	1	1430	-1	-1	-1	22	0.031	-5.722	1.831	0.000
1614	1	1430	-1	-1	-1	22	0.218	-5.636	-2.550	0.000
1615	1	1445	-1	-1	-1	22	0.131	4.710	1.472	0.000
1616	1	1445	-1	-1	-1	22	0.223	5.316	0.970	0.000
1617	1	1450	-1	-1	-1	22	0.059	-3.024	-1.264	0.000
1618	1	1450	-1	-1	-1	22	0.097	-4.330	-2.446	0.000
1619	1	1479	-1	-1	-1	22	0.065	0.875	-1.295	0.000
1620	1	1479	-1	-1	-1	22	0.071	0.724	2.188	0.000
1621	1	1480	-1	-1	-1	22	0.228	-0.498	-2.616	0.000
1622	1	1480	-1	-1	-1	22	0.286	-0.105	-2.969	0.000
1623	1	1537	-1	-1	-1	22	0.142	0.017	-2.373	0.000
1624	1	1537	-1	-1	-1	22	2.691	-0.125	-2.539	0.000
1625	1	1538	-1	-1	-1	22	0.851	0.105	-2.549	0.000
1626	1	1538	-1	-1	-1	22	0.888	0.019	-2.419	0.000
1627	1	1541	-1	-1	-1	22	0.178	-1.843	-0.897	0.000
1628	1	1541	-1	-1	-1	22	0.109	-0.909	-0.928	0.000
1629	1	1542	-1	-1	-1	22	0.263	-0.817	-2.336	0.000
1630	1	1542	-1	-1	-1	22	0.022	-1.000	1.816	0.000
1631	1	1550	-1	-1	-1	22	0.204	1.046	2.789	0.000
1632	1	1550	-1	-1	-1	22	0.015	-0.686	-1.909	0.000
1633	2	1569	-1	1645	1646	-413	10.507	0.602	-2.845	2.010
1634	1	1569	-1	-1	-1	211	2.084	0.641	-3.073	0.140
1635	2	1570	-1	1647	1648	310	1.991	-0.154	3.075	0.498
1636	1	1570	-1	-1	-1	-211	3.680	-0.032	3.041	0.140
1637	1	1570	-1	-1	-1	211	3.251	-0.085	-2.891	0.140
1638	1	1572	-1	-1	-1	-13	1.065	-0.245	2.806	0.106
1639	1	1572	-1	-1	-1	14	3.943	-0.197	-3.097	0.000
1640	2	1572	-1	1649	1650	-313	5.021	-0.111	-3.062	0.894
1641	1	1573	-1	-1	-1	22	0.359	-0.282	-3.049	0.000
1642	1	1573	-1	-1	-1	22	0.334	0.089	3.118	0.000
1643	1	1612	-1	-1	-1	22	0.303	-6.823	-2.021	0.000
1644	1	1612	-1	-1	-1	22	0.500	-6.896	-2.362	0.000
1645	2	1633	-1	1651	1652	-421	9.659	0.604	-2.848	1.865
1646	1	1633	-1	-1	-1	-211	0.849	0.589	-2.804	0.140
1647	2	1635	-1	1653	1654	111	0.502	-0.415	2.863	0.135
1648	2	1635	-1	1655	1656	111	1.504	-0.062	-3.138	0.135
1649	2	1640	-1	1657	1657	-311	3.246	-0.107	-2.973	0.498
1650	2	1640	-1	1658	1659	111	1.811	-0.114	3.061	0.135
1651	2	1645	-1	1660	1660	-311	2.732	0.828	-2.762	0.498
1652	2	1645	-1	1661	1663	221	6.941	0.506	-2.882	0.548
1653	1	1647	-1	-1	-1	22	0.497	-0.401	2.908	0.000
1654	1	1647	-1	-1	-1	22	0.023	-0.414	1.535	0.000
1655	1	1648	-1	-1	-1	22	0.707	-0.024	-3.050	0.000
1656	1	1648	-1	-1	-1	22	0.803	-0.095	3.069	0.000
1657	1	1649	-1	-1	-1	130	3.246	-0.107	-2.973	0.498
1658	1	1650	-1	-1	-1	22	1.220	-0.131	3.111	0.000
1659	1	1650	-1	-1	-1	22	0.596	-0.080	2.960	0.000
1660	2	1651	-1	1664	1665	310	2.732	0.828	-2.762	0.498
1661	2	1652	-1	1666	1667	111	4.058	0.536	-2.895	0.135
1662	2	1652	-1	1668	1669	111	1.075	0.468	-2.879	0.135
1663	2	1652	-1	1670	1671	111	1.809	0.459	-2.854	0.135
1664	1	1660	-1	-1	-1	211	0.749	1.050	-2.706	0.140
1665	1	1660	-1	-1	-1	-211	1.984	0.734	-2.783	0.140
1666	1	1661	-1	-1	-1	22	3.156	0.520	-2.904	0.000
1667	1	1661	-1	-1	-1	22	0.902	0.589	-2.864	0.000
1668	1	1662	-1	-1	-1	22	0.453	0.327	-2.826	0.000
1669	1	1662	-1	-1	-1	22	0.623	0.564	-2.917	0.000
1670	1	1663	-1	-1	-1	22	1.700	0.477	-2.857	0.000
1671	1	1663	-1	-1	-1	22	0.109	0.170	-2.802	0.000
